CalculatingTime: 13.574379682540894
OrderingTime: 0.11283230781555176
Sum: 13.687211990356445
BuildTime: 13298.66084742546
AllTime: 13312.348059415817
Percentage: 0.1
