CommandTime: 5.560190439224243
AnalysisTime: 0.2099761962890625
CalculatingTime: 13.975786209106445
OrderingTime: 0.08220767974853516
Sum: 19.828160524368286
BuildTime: 13645.523567438126
AllTime: 13665.351727962494
Percentage: 0.15
