CalculatingTime: 15.401446342468262
OrderingTime: 0.0001437664031982422
Sum: 15.40159010887146
BuildTime: 11837.787956953049
AllTime: 11853.18954706192
Percentage: 0.13
