CalculatingTime: 13.606473684310913
OrderingTime: 0.0001990795135498047
Sum: 13.606672763824463
BuildTime: 13156.401462316513
AllTime: 13170.008135080338
Percentage: 0.1
