CalculatingTime: 14.677893877029419
OrderingTime: 0.00021839141845703125
Sum: 14.678112268447876
BuildTime: 12573.962062120438
AllTime: 12588.640174388885
Percentage: 0.12
