CalculatingTime: 13.191258668899536
OrderingTime: 0.00020956993103027344
Sum: 13.191468238830566
BuildTime: 13996.077770709991
AllTime: 14009.269238948822
Percentage: 0.09
