CalculatingTime: 14.99173092842102
OrderingTime: 0.05680441856384277
Sum: 15.048535346984863
BuildTime: 12628.295158147812
AllTime: 12643.343693494797
Percentage: 0.12
