CalculatingTime: 15.282796859741211
OrderingTime: 0.0002384185791015625
Sum: 15.283035278320312
BuildTime: 10648.943104505539
AllTime: 10664.22613978386
Percentage: 0.14
