CalculatingTime: 7.534987211227417
OrderingTime: 0.08769464492797852
Sum: 7.6226818561553955
BuildTime: 13429.112735748291
AllTime: 13436.735417604446
Percentage: 0.06
