CalculatingTime: 15.367952585220337
OrderingTime: 0.0057599544525146484
Sum: 15.373712539672852
BuildTime: 10460.12646651268
AllTime: 10475.500179052353
Percentage: 0.15
