CalculatingTime: 13.58814811706543
OrderingTime: 0.42723512649536133
Sum: 14.015383243560791
BuildTime: 14213.64596748352
AllTime: 14227.661350727081
Percentage: 0.1
