CalculatingTime: 7.301781892776489
OrderingTime: 0.03530430793762207
Sum: 7.337086200714111
BuildTime: 12212.504263162613
AllTime: 12219.841349363327
Percentage: 0.06
