CalculatingTime: 7.409529447555542
OrderingTime: 0.15437722206115723
Sum: 7.563906669616699
BuildTime: 11512.816368341446
AllTime: 11520.380275011063
Percentage: 0.07
