CalculatingTime: 7.361034870147705
OrderingTime: 0.08448457717895508
Sum: 7.44551944732666
BuildTime: 14521.169889688492
AllTime: 14528.615409135818
Percentage: 0.05
