CalculatingTime: 7.453369379043579
OrderingTime: 0.005268573760986328
Sum: 7.458637952804565
BuildTime: 13394.92664194107
AllTime: 13402.385279893875
Percentage: 0.06
