CommandTime: 5.4233362674713135
AnalysisTime: 0.2110917568206787
CalculatingTime: 14.589478969573975
OrderingTime: 0.03541088104248047
Sum: 20.259317874908447
BuildTime: 15428.24021601677
AllTime: 15448.499533891678
Percentage: 0.13
