CalculatingTime: 14.733948945999146
OrderingTime: 0.16053080558776855
Sum: 14.894479751586914
BuildTime: 11984.08897304535
AllTime: 11998.983452796936
Percentage: 0.12
