CalculatingTime: 13.446037769317627
OrderingTime: 0.10959625244140625
Sum: 13.555634021759033
BuildTime: 11995.447687864304
AllTime: 12009.003321886063
Percentage: 0.11
