CalculatingTime: 14.726728439331055
OrderingTime: 0.05011725425720215
Sum: 14.776845693588257
BuildTime: 12969.436293363571
AllTime: 12984.21313905716
Percentage: 0.11
