CalculatingTime: 7.612439155578613
OrderingTime: 0.23022985458374023
Sum: 7.8426690101623535
BuildTime: 11947.571949481964
AllTime: 11955.414618492126
Percentage: 0.07
