CalculatingTime: 13.987954139709473
OrderingTime: 0.0002334117889404297
Sum: 13.988187551498413
BuildTime: 15454.622506856918
AllTime: 15468.610694408417
Percentage: 0.09
