CalculatingTime: 7.411265850067139
OrderingTime: 0.09697341918945312
Sum: 7.508239269256592
BuildTime: 15655.92688202858
AllTime: 15663.435121297836
Percentage: 0.05
