CalculatingTime: 13.965061902999878
OrderingTime: 0.07494997978210449
Sum: 14.040011882781982
BuildTime: 12045.10711145401
AllTime: 12059.147123336792
Percentage: 0.12
