CalculatingTime: 15.67648720741272
OrderingTime: 0.00022029876708984375
Sum: 15.67670750617981
BuildTime: 10357.741067647934
AllTime: 10373.417775154114
Percentage: 0.15
