CommandTime: 5.373226881027222
AnalysisTime: 0.20882225036621094
CalculatingTime: 13.88499402999878
OrderingTime: 0.04585742950439453
Sum: 19.512900590896606
BuildTime: 13986.975650548935
AllTime: 14006.488551139832
Percentage: 0.14
