CommandTime: 5.497643709182739
AnalysisTime: 0.20712065696716309
CalculatingTime: 15.401242017745972
OrderingTime: 0.0026464462280273438
Sum: 21.1086528301239
BuildTime: 11685.443560361862
AllTime: 11706.552213191986
Percentage: 0.18
