CalculatingTime: 14.0436532497406
OrderingTime: 0.0655205249786377
Sum: 14.109173774719238
BuildTime: 11303.432279348373
AllTime: 11317.541453123093
Percentage: 0.12
