CommandTime: 5.341009140014648
AnalysisTime: 0.2140510082244873
CalculatingTime: 14.110365390777588
OrderingTime: 0.07375526428222656
Sum: 19.73918080329895
BuildTime: 11231.65211725235
AllTime: 11251.391298055649
Percentage: 0.18
