CalculatingTime: 7.4591803550720215
OrderingTime: 0.03872847557067871
Sum: 7.4979088306427
BuildTime: 14566.518586158752
AllTime: 14574.016494989395
Percentage: 0.05
