CalculatingTime: 15.288912057876587
OrderingTime: 0.12728071212768555
Sum: 15.416192770004272
BuildTime: 12158.695977449417
AllTime: 12174.112170219421
Percentage: 0.13
