CalculatingTime: 13.95260214805603
OrderingTime: 0.00023818016052246094
Sum: 13.952840328216553
BuildTime: 12009.897807359695
AllTime: 12023.850647687912
Percentage: 0.12
