CommandTime: 5.4440319538116455
AnalysisTime: 0.21521925926208496
CalculatingTime: 15.459488153457642
OrderingTime: 0.038478851318359375
Sum: 21.15721821784973
BuildTime: 12590.681345939636
AllTime: 12611.838564157486
Percentage: 0.17
