CalculatingTime: 7.695229768753052
OrderingTime: 0.08067107200622559
Sum: 7.775900840759277
BuildTime: 12318.014524936676
AllTime: 12325.790425777435
Percentage: 0.06
