CalculatingTime: 13.32737421989441
OrderingTime: 0.0002124309539794922
Sum: 13.327586650848389
BuildTime: 14096.65249490738
AllTime: 14109.980081558228
Percentage: 0.09
