CalculatingTime: 13.741424322128296
OrderingTime: 0.00022983551025390625
Sum: 13.74165415763855
BuildTime: 11863.95250415802
AllTime: 11877.694158315659
Percentage: 0.12
