CommandTime: 5.452502489089966
AnalysisTime: 0.2199084758758545
CalculatingTime: 13.933388948440552
OrderingTime: 0.08601570129394531
Sum: 19.691815614700317
BuildTime: 13167.808327913284
AllTime: 13187.500143527985
Percentage: 0.15
