CommandTime: 5.375568151473999
AnalysisTime: 0.20213747024536133
CalculatingTime: 13.77588438987732
OrderingTime: 0.07724404335021973
Sum: 19.4308340549469
BuildTime: 14093.048283338547
AllTime: 14112.479117393494
Percentage: 0.14
