CalculatingTime: 7.148827791213989
OrderingTime: 0.08369207382202148
Sum: 7.232519865036011
BuildTime: 13910.231332540512
AllTime: 13917.463852405548
Percentage: 0.05
