CalculatingTime: 14.715192556381226
OrderingTime: 0.000232696533203125
Sum: 14.715425252914429
BuildTime: 13110.174888372421
AllTime: 13124.890313625336
Percentage: 0.11
