CommandTime: 5.299221515655518
AnalysisTime: 0.21180295944213867
CalculatingTime: 15.567516088485718
OrderingTime: 0.07901287078857422
Sum: 21.15755343437195
BuildTime: 12129.089580535889
AllTime: 12150.24713397026
Percentage: 0.17
