CalculatingTime: 13.806167840957642
OrderingTime: 0.000209808349609375
Sum: 13.806377649307251
BuildTime: 13669.882932662964
AllTime: 13683.689310312271
Percentage: 0.1
