CalculatingTime: 7.878270149230957
OrderingTime: 0.05119156837463379
Sum: 7.929461717605591
BuildTime: 12750.572260379791
AllTime: 12758.501722097397
Percentage: 0.06
