CommandTime: 5.435927867889404
AnalysisTime: 0.2106306552886963
CalculatingTime: 15.223474740982056
OrderingTime: 0.09138226509094238
Sum: 20.9614155292511
BuildTime: 13108.53975367546
AllTime: 13129.501169204712
Percentage: 0.16
