CommandTime: 5.418435096740723
AnalysisTime: 0.21063232421875
CalculatingTime: 15.207531929016113
OrderingTime: 0.03376579284667969
Sum: 20.870365142822266
BuildTime: 12915.041902065277
AllTime: 12935.9122672081
Percentage: 0.16
