CalculatingTime: 15.449821949005127
OrderingTime: 0.11079168319702148
Sum: 15.560613632202148
BuildTime: 10668.500928163528
AllTime: 10684.06154179573
Percentage: 0.15
