CalculatingTime: 7.6779632568359375
OrderingTime: 0.09502124786376953
Sum: 7.772984504699707
BuildTime: 10762.648260116577
AllTime: 10770.421244621277
Percentage: 0.07
