CommandTime: 5.441836357116699
AnalysisTime: 0.20806145668029785
CalculatingTime: 14.52424144744873
OrderingTime: 0.03255963325500488
Sum: 20.206698894500732
BuildTime: 11882.63114309311
AllTime: 11902.83784198761
Percentage: 0.17
