CalculatingTime: 14.999667644500732
OrderingTime: 0.00022840499877929688
Sum: 14.999896049499512
BuildTime: 12912.861394405365
AllTime: 12927.861290454865
Percentage: 0.12
