CalculatingTime: 14.345497608184814
OrderingTime: 0.00023031234741210938
Sum: 14.345727920532227
BuildTime: 11211.193866968155
AllTime: 11225.539594888687
Percentage: 0.13
