CommandTime: 5.426813125610352
AnalysisTime: 0.21452999114990234
CalculatingTime: 15.71743369102478
OrderingTime: 0.03081536293029785
Sum: 21.389592170715332
BuildTime: 10652.849073410034
AllTime: 10674.23866558075
Percentage: 0.2
