CalculatingTime: 15.237595319747925
OrderingTime: 0.062400102615356445
Sum: 15.299995422363281
BuildTime: 13236.613859176636
AllTime: 13251.913854598999
Percentage: 0.12
