CalculatingTime: 15.436981439590454
OrderingTime: 0.00023245811462402344
Sum: 15.437213897705078
BuildTime: 12123.321080684662
AllTime: 12138.758294582367
Percentage: 0.13
