CalculatingTime: 13.890966415405273
OrderingTime: 0.31752753257751465
Sum: 14.208493947982788
BuildTime: 13726.78392624855
AllTime: 13740.992420196533
Percentage: 0.1
