CalculatingTime: 7.705488443374634
OrderingTime: 0.07439470291137695
Sum: 7.779883146286011
BuildTime: 11941.150501966476
AllTime: 11948.930385112762
Percentage: 0.07
