CommandTime: 5.415860176086426
AnalysisTime: 0.20551013946533203
CalculatingTime: 15.494946956634521
OrderingTime: 0.0710139274597168
Sum: 21.187331199645996
BuildTime: 11847.787527561188
AllTime: 11868.974858760834
Percentage: 0.18
