CalculatingTime: 15.254156827926636
OrderingTime: 0.00021696090698242188
Sum: 15.254373788833618
BuildTime: 11699.980596065521
AllTime: 11715.234969854355
Percentage: 0.13
