CalculatingTime: 7.664004564285278
OrderingTime: 0.3931000232696533
Sum: 8.057104587554932
BuildTime: 10609.425337553024
AllTime: 10617.48244214058
Percentage: 0.08
