CalculatingTime: 14.783895492553711
OrderingTime: 0.06567907333374023
Sum: 14.849574565887451
BuildTime: 11747.164233922958
AllTime: 11762.013808488846
Percentage: 0.13
