CommandTime: 5.502561092376709
AnalysisTime: 0.218886137008667
CalculatingTime: 15.361299514770508
OrderingTime: 0.04443216323852539
Sum: 21.12717890739441
BuildTime: 10382.817217111588
AllTime: 10403.944396018982
Percentage: 0.2
