CalculatingTime: 13.659792184829712
OrderingTime: 0.07722330093383789
Sum: 13.73701548576355
BuildTime: 14325.257204771042
AllTime: 14338.994220256805
Percentage: 0.1
