CalculatingTime: 7.375980854034424
OrderingTime: 0.044185638427734375
Sum: 7.420166492462158
BuildTime: 12171.161077260971
AllTime: 12178.581243753433
Percentage: 0.06
