CalculatingTime: 14.687693119049072
OrderingTime: 0.07290363311767578
Sum: 14.760596752166748
BuildTime: 15512.128301143646
AllTime: 15526.888897895813
Percentage: 0.1
