CalculatingTime: 7.559770822525024
OrderingTime: 0.039452552795410156
Sum: 7.599223375320435
BuildTime: 13162.746915578842
AllTime: 13170.346138954163
Percentage: 0.06
