CommandTime: 5.409895896911621
AnalysisTime: 0.2331995964050293
CalculatingTime: 14.104523181915283
OrderingTime: 0.03835773468017578
Sum: 19.78597640991211
BuildTime: 12033.630035161972
AllTime: 12053.416011571884
Percentage: 0.16
