CalculatingTime: 0.12500452995300293
OrderingTime: 0.008747100830078125
Sum: 0.13375163078308105
BuildTime: 44.071918884913124
AllTime: 44.205670515696205
Percentage: 0.3
