CalculatingTime: 0.11984992027282715
OrderingTime: 0.0077250003814697266
Sum: 0.12757492065429688
BuildTime: 109.40988103548686
AllTime: 109.53745595614116
Percentage: 0.12
