CommandTime: 0.6233692169189453
AnalysisTime: 0.008099555969238281
CalculatingTime: 0.24056553840637207
OrderingTime: 0.7607760429382324
Sum: 1.632810354232788
BuildTime: 40.493168671925865
AllTime: 42.12597902615865
Percentage: 3.88
