CommandTime: 0.6743416786193848
AnalysisTime: 0.00820612907409668
CalculatingTime: 0.23898053169250488
OrderingTime: 0.7408268451690674
Sum: 1.6623551845550537
BuildTime: 50.26255710919698
AllTime: 51.92491229375204
Percentage: 3.2
