CalculatingTime: 0.11912250518798828
OrderingTime: 0.008201360702514648
Sum: 0.12732386589050293
BuildTime: 128.4315067132314
AllTime: 128.55883057912192
Percentage: 0.1
