CommandTime: 0.6853652000427246
AnalysisTime: 0.008098363876342773
CalculatingTime: 0.22650146484375
OrderingTime: 1.039405107498169
Sum: 1.9593701362609863
BuildTime: 30.45789384841919
AllTime: 32.417263984680176
Percentage: 6.04
