CommandTime: 0.673713207244873
AnalysisTime: 0.008548259735107422
CalculatingTime: 0.23384332656860352
OrderingTime: 0.4244382381439209
Sum: 1.3405430316925049
BuildTime: 47.07178449630737
AllTime: 48.41232752799988
Percentage: 2.77
