CommandTime: 0.6648294925689697
AnalysisTime: 0.008744478225708008
CalculatingTime: 0.24115657806396484
OrderingTime: 0.36599040031433105
Sum: 1.2807209491729736
BuildTime: 36.98938282330831
AllTime: 38.270103772481285
Percentage: 3.35
