CalculatingTime: 0.1148068904876709
OrderingTime: 0.008113861083984375
Sum: 0.12292075157165527
BuildTime: 92.11177023251851
AllTime: 92.23469098409016
Percentage: 0.13
