CommandTime: 0.6766684055328369
AnalysisTime: 0.008548974990844727
CalculatingTime: 0.2374253273010254
OrderingTime: 0.5522527694702148
Sum: 1.4748954772949219
BuildTime: 38.664135773976646
AllTime: 40.13903125127157
Percentage: 3.67
