CalculatingTime: 0.13876867294311523
OrderingTime: 0.008924722671508789
Sum: 0.14769339561462402
BuildTime: 109.77841305732727
AllTime: 109.9261064529419
Percentage: 0.13
