CommandTime: 0.619577169418335
AnalysisTime: 0.008346796035766602
CalculatingTime: 0.23769378662109375
OrderingTime: 0.4444718360900879
Sum: 1.3100895881652832
BuildTime: 41.40651035308838
AllTime: 42.71659994125366
Percentage: 3.07
