CommandTime: 0.6640005111694336
AnalysisTime: 0.00877237319946289
CalculatingTime: 0.25037527084350586
OrderingTime: 0.40808582305908203
Sum: 1.3312339782714844
BuildTime: 44.79302064577738
AllTime: 46.124254624048866
Percentage: 2.89
