CommandTime: 0.6264855861663818
AnalysisTime: 0.007962703704833984
CalculatingTime: 0.23189330101013184
OrderingTime: 0.49808812141418457
Sum: 1.3644297122955322
BuildTime: 31.62663737932841
AllTime: 32.99106709162395
Percentage: 4.14
