CalculatingTime: 0.11675095558166504
OrderingTime: 0.007130146026611328
Sum: 0.12388110160827637
BuildTime: 104.91793545087178
AllTime: 105.04181655248006
Percentage: 0.12
