CalculatingTime: 0.12385940551757812
OrderingTime: 0.006960153579711914
Sum: 0.13081955909729004
BuildTime: 93.79951206843059
AllTime: 93.93033162752788
Percentage: 0.14
