CalculatingTime: 0.14213800430297852
OrderingTime: 0.010722875595092773
Sum: 0.1528608798980713
BuildTime: 114.3268575668335
AllTime: 114.47971844673157
Percentage: 0.13
