CalculatingTime: 0.11824202537536621
OrderingTime: 0.007516145706176758
Sum: 0.12575817108154297
BuildTime: 104.59171048800151
AllTime: 104.71746865908305
Percentage: 0.12
