CalculatingTime: 0.11683440208435059
OrderingTime: 0.010160207748413086
Sum: 0.12699460983276367
BuildTime: 99.02562801043193
AllTime: 99.1526226202647
Percentage: 0.13
