CommandTime: 0.6470181941986084
AnalysisTime: 0.008313655853271484
CalculatingTime: 0.23349285125732422
OrderingTime: 0.5989172458648682
Sum: 1.4877419471740723
BuildTime: 38.83877921104431
AllTime: 40.326521158218384
Percentage: 3.69
