CommandTime: 0.6260242462158203
AnalysisTime: 0.008307218551635742
CalculatingTime: 0.2437736988067627
OrderingTime: 0.2628664970397949
Sum: 1.1409716606140137
BuildTime: 46.977057218551636
AllTime: 48.11802887916565
Percentage: 2.37
