CalculatingTime: 0.11374545097351074
OrderingTime: 0.00807809829711914
Sum: 0.12182354927062988
BuildTime: 116.16769258181255
AllTime: 116.28951613108318
Percentage: 0.1
