CalculatingTime: 0.10287165641784668
OrderingTime: 0.006464242935180664
Sum: 0.10933589935302734
BuildTime: 95.25702102979024
AllTime: 95.36635692914327
Percentage: 0.11
