CommandTime: 0.6162474155426025
AnalysisTime: 0.008989810943603516
CalculatingTime: 0.22880053520202637
OrderingTime: 0.05181455612182617
Sum: 0.9058523178100586
BuildTime: 48.009185791015625
AllTime: 48.915038108825684
Percentage: 1.85
