CalculatingTime: 0.12021183967590332
OrderingTime: 0.007341146469116211
Sum: 0.12755298614501953
BuildTime: 99.28990133603413
AllTime: 99.41745432217915
Percentage: 0.13
