CommandTime: 0.6438050270080566
AnalysisTime: 0.008356571197509766
CalculatingTime: 0.2524895668029785
OrderingTime: 0.5693137645721436
Sum: 1.4739649295806885
BuildTime: 43.17136573791504
AllTime: 44.64533066749573
Percentage: 3.3
