CommandTime: 0.6130735874176025
AnalysisTime: 0.008564472198486328
CalculatingTime: 0.22656869888305664
OrderingTime: 0.8583595752716064
Sum: 1.706566333770752
BuildTime: 26.963587045669556
AllTime: 28.670153379440308
Percentage: 5.95
