CommandTime: 0.6017844676971436
AnalysisTime: 0.008241653442382812
CalculatingTime: 0.2324380874633789
OrderingTime: 0.27655744552612305
Sum: 1.1190216541290283
BuildTime: 44.85149868329366
AllTime: 45.97052033742269
Percentage: 2.43
