CommandTime: 0.6525173187255859
AnalysisTime: 0.00807642936706543
CalculatingTime: 0.24046564102172852
OrderingTime: 0.09196996688842773
Sum: 0.9930293560028076
BuildTime: 49.307363430658974
AllTime: 50.30039278666178
Percentage: 1.97
