CommandTime: 0.6709363460540771
AnalysisTime: 0.008490324020385742
CalculatingTime: 0.2525138854980469
OrderingTime: 0.5941617488861084
Sum: 1.5261023044586182
BuildTime: 40.45817494392395
AllTime: 41.98427724838257
Percentage: 3.63
