CalculatingTime: 0.11947822570800781
OrderingTime: 0.00764012336730957
Sum: 0.12711834907531738
BuildTime: 114.39480781555176
AllTime: 114.52192616462708
Percentage: 0.11
