CalculatingTime: 0.1286470890045166
OrderingTime: 0.008862972259521484
Sum: 0.13751006126403809
BuildTime: 113.38598847389221
AllTime: 113.52349853515625
Percentage: 0.12
