CalculatingTime: 0.11576986312866211
OrderingTime: 0.007344722747802734
Sum: 0.12311458587646484
BuildTime: 107.32064072291057
AllTime: 107.44375530878703
Percentage: 0.11
