CommandTime: 0.6095237731933594
AnalysisTime: 0.008155345916748047
CalculatingTime: 0.22136569023132324
OrderingTime: 0.32825517654418945
Sum: 1.1672999858856201
BuildTime: 32.51737149556478
AllTime: 33.6846714814504
Percentage: 3.47
