CommandTime: 0.6243064403533936
AnalysisTime: 0.008227348327636719
CalculatingTime: 0.24445676803588867
OrderingTime: 1.041043996810913
Sum: 1.918034553527832
BuildTime: 38.653767824172974
AllTime: 40.571802377700806
Percentage: 4.73
