CommandTime: 0.6372551918029785
AnalysisTime: 0.00867009162902832
CalculatingTime: 0.24644684791564941
OrderingTime: 0.3906090259552002
Sum: 1.2829811573028564
BuildTime: 42.16017564137777
AllTime: 43.443156798680626
Percentage: 2.95
