CalculatingTime: 0.12002778053283691
OrderingTime: 0.008520126342773438
Sum: 0.12854790687561035
BuildTime: 91.18523518244426
AllTime: 91.31378308931987
Percentage: 0.14
