CalculatingTime: 0.1355118751525879
OrderingTime: 0.009312152862548828
Sum: 0.14482402801513672
BuildTime: 119.18881916999817
AllTime: 119.3336431980133
Percentage: 0.12
