CommandTime: 0.6600990295410156
AnalysisTime: 0.00804448127746582
CalculatingTime: 0.21559977531433105
OrderingTime: 0.6881177425384521
Sum: 1.5718610286712646
BuildTime: 45.310269912083946
AllTime: 46.88213094075521
Percentage: 3.35
