CommandTime: 0.620272159576416
AnalysisTime: 0.008238792419433594
CalculatingTime: 0.2478630542755127
OrderingTime: 0.2666804790496826
Sum: 1.143054485321045
BuildTime: 40.79851667086283
AllTime: 41.941571156183876
Percentage: 2.73
