CalculatingTime: 0.11421394348144531
OrderingTime: 0.009410619735717773
Sum: 0.12362456321716309
BuildTime: 93.24545685450236
AllTime: 93.36908141771953
Percentage: 0.13
