CalculatingTime: 0.11778783798217773
OrderingTime: 0.011475324630737305
Sum: 0.12926316261291504
BuildTime: 87.45612064997356
AllTime: 87.58538381258647
Percentage: 0.15
