CalculatingTime: 0.12229728698730469
OrderingTime: 0.009824275970458984
Sum: 0.13212156295776367
BuildTime: 97.21923589706421
AllTime: 97.35135746002197
Percentage: 0.14
