CalculatingTime: 0.13765621185302734
OrderingTime: 0.009113550186157227
Sum: 0.14676976203918457
BuildTime: 107.6738231976827
AllTime: 107.82059295972188
Percentage: 0.14
