CommandTime: 0.6330289840698242
AnalysisTime: 0.008199691772460938
CalculatingTime: 0.23319673538208008
OrderingTime: 0.11553502082824707
Sum: 0.9899604320526123
BuildTime: 50.00354766845703
AllTime: 50.993508100509644
Percentage: 1.94
