CommandTime: 0.6916303634643555
AnalysisTime: 0.008176326751708984
CalculatingTime: 0.23584532737731934
OrderingTime: 0.6700341701507568
Sum: 1.6056861877441406
BuildTime: 45.36207056045532
AllTime: 46.96775674819946
Percentage: 3.42
