CalculatingTime: 0.1193244457244873
OrderingTime: 0.0070078372955322266
Sum: 0.12633228302001953
BuildTime: 80.16036629676819
AllTime: 80.28669857978821
Percentage: 0.16
