CalculatingTime: 0.12204289436340332
OrderingTime: 0.00913548469543457
Sum: 0.1311783790588379
BuildTime: 105.476988474528
AllTime: 105.60816685358684
Percentage: 0.12
