CommandTime: 0.6245090961456299
AnalysisTime: 0.008162736892700195
CalculatingTime: 0.2406904697418213
OrderingTime: 0.10880303382873535
Sum: 0.9821653366088867
BuildTime: 44.89095759391785
AllTime: 45.87312293052673
Percentage: 2.14
