CalculatingTime: 0.1278543472290039
OrderingTime: 0.009632110595703125
Sum: 0.13748645782470703
BuildTime: 113.58237592379253
AllTime: 113.71986238161723
Percentage: 0.12
