CalculatingTime: 0.11727499961853027
OrderingTime: 0.009566307067871094
Sum: 0.12684130668640137
BuildTime: 86.53228425979614
AllTime: 86.65912556648254
Percentage: 0.15
