CalculatingTime: 0.13708257675170898
OrderingTime: 0.009213447570800781
Sum: 0.14629602432250977
BuildTime: 87.8529764811198
AllTime: 87.9992725054423
Percentage: 0.17
