CommandTime: 0.6475460529327393
AnalysisTime: 0.00851583480834961
CalculatingTime: 0.2527294158935547
OrderingTime: 0.3842153549194336
Sum: 1.2930066585540771
BuildTime: 41.31360880533854
AllTime: 42.606615463892616
Percentage: 3.03
