CommandTime: 0.6637587547302246
AnalysisTime: 0.008447885513305664
CalculatingTime: 0.2475879192352295
OrderingTime: 0.4825441837310791
Sum: 1.4023387432098389
BuildTime: 45.04890807469686
AllTime: 46.4512468179067
Percentage: 3.02
