CalculatingTime: 0.12199687957763672
OrderingTime: 0.009131908416748047
Sum: 0.13112878799438477
BuildTime: 77.23943376541138
AllTime: 77.37056255340576
Percentage: 0.17
