CalculatingTime: 0.11353850364685059
OrderingTime: 0.009532690048217773
Sum: 0.12307119369506836
BuildTime: 93.47373723983765
AllTime: 93.59680843353271
Percentage: 0.13
