CalculatingTime: 0.12040925025939941
OrderingTime: 0.010306358337402344
Sum: 0.13071560859680176
BuildTime: 103.17915527025859
AllTime: 103.30987087885539
Percentage: 0.13
