CommandTime: 0.6049611568450928
AnalysisTime: 0.00829768180847168
CalculatingTime: 0.2322854995727539
OrderingTime: 0.683002233505249
Sum: 1.5285465717315674
BuildTime: 40.92430623372396
AllTime: 42.45285280545553
Percentage: 3.6
