CalculatingTime: 0.13546013832092285
OrderingTime: 0.009985923767089844
Sum: 0.1454460620880127
BuildTime: 110.12778321901958
AllTime: 110.27322928110759
Percentage: 0.13
