CommandTime: 0.6312961578369141
AnalysisTime: 0.008104562759399414
CalculatingTime: 0.25294995307922363
OrderingTime: 0.21384787559509277
Sum: 1.1061985492706299
BuildTime: 43.81821060180664
AllTime: 44.92440915107727
Percentage: 2.46
