CalculatingTime: 0.13845586776733398
OrderingTime: 0.01038217544555664
Sum: 0.14883804321289062
BuildTime: 99.3978618780772
AllTime: 99.54669992129008
Percentage: 0.15
