CommandTime: 0.706510066986084
AnalysisTime: 0.008347272872924805
CalculatingTime: 0.26463913917541504
OrderingTime: 0.21721935272216797
Sum: 1.1967158317565918
BuildTime: 45.10872530937195
AllTime: 46.30544114112854
Percentage: 2.58
