CommandTime: 0.6258258819580078
AnalysisTime: 0.00800323486328125
CalculatingTime: 0.2534186840057373
OrderingTime: 0.32288217544555664
Sum: 1.210129976272583
BuildTime: 47.96561090151469
AllTime: 49.17574087778727
Percentage: 2.46
