CommandTime: 0.6389150619506836
AnalysisTime: 0.008639812469482422
CalculatingTime: 0.22008943557739258
OrderingTime: 0.6209616661071777
Sum: 1.4886059761047363
BuildTime: 42.81823547681173
AllTime: 44.306841452916466
Percentage: 3.36
