CalculatingTime: 0.6461405754089355
OrderingTime: 0.00022792816162109375
Sum: 0.6463685035705566
BuildTime: 135.7995958328247
AllTime: 136.44596433639526
Percentage: 0.47
