CalculatingTime: 0.6560103893280029
OrderingTime: 0.00020194053649902344
Sum: 0.656212329864502
BuildTime: 158.43076395988464
AllTime: 159.08697628974915
Percentage: 0.41
