CalculatingTime: 0.3592813014984131
OrderingTime: 0.3443734645843506
Sum: 0.7036547660827637
BuildTime: 133.31683993339539
AllTime: 134.02049469947815
Percentage: 0.53
