CalculatingTime: 0.6368420124053955
OrderingTime: 0.20156097412109375
Sum: 0.8384029865264893
BuildTime: 161.96753334999084
AllTime: 162.80593633651733
Percentage: 0.51
