CommandTime: 1.701371669769287
AnalysisTime: 0.02028822898864746
CalculatingTime: 0.6473231315612793
OrderingTime: 0.28675055503845215
Sum: 2.655733585357666
BuildTime: 143.8762264251709
AllTime: 146.53196001052856
Percentage: 1.81
