CalculatingTime: 0.6370012760162354
OrderingTime: 0.00019860267639160156
Sum: 0.637199878692627
BuildTime: 147.76544165611267
AllTime: 148.4026415348053
Percentage: 0.43
