CalculatingTime: 0.3901238441467285
OrderingTime: 0.24001216888427734
Sum: 0.6301360130310059
BuildTime: 175.81555819511414
AllTime: 176.44569420814514
Percentage: 0.36
