CalculatingTime: 0.6640348434448242
OrderingTime: 0.0002377033233642578
Sum: 0.6642725467681885
BuildTime: 138.92382907867432
AllTime: 139.5881016254425
Percentage: 0.48
