CalculatingTime: 0.6630220413208008
OrderingTime: 0.30359458923339844
Sum: 0.9666166305541992
BuildTime: 153.06326532363892
AllTime: 154.02988195419312
Percentage: 0.63
