CommandTime: 1.6154718399047852
AnalysisTime: 0.021100997924804688
CalculatingTime: 0.6769306659698486
OrderingTime: 0.1885535717010498
Sum: 2.5020570755004883
BuildTime: 158.61000180244446
AllTime: 161.11205887794495
Percentage: 1.55
