CalculatingTime: 0.621208667755127
OrderingTime: 0.2270362377166748
Sum: 0.8482449054718018
BuildTime: 130.87199091911316
AllTime: 131.72023582458496
Percentage: 0.64
