CalculatingTime: 0.6524310111999512
OrderingTime: 0.00022220611572265625
Sum: 0.6526532173156738
BuildTime: 106.43935751914978
AllTime: 107.09201073646545
Percentage: 0.61
