CalculatingTime: 0.6195015907287598
OrderingTime: 0.73616623878479
Sum: 1.3556678295135498
BuildTime: 126.72330236434937
AllTime: 128.07897019386292
Percentage: 1.06
