CalculatingTime: 0.387941837310791
OrderingTime: 0.11623597145080566
Sum: 0.5041778087615967
BuildTime: 179.28759622573853
AllTime: 179.79177403450012
Percentage: 0.28
