CalculatingTime: 0.6399095058441162
OrderingTime: 0.00021338462829589844
Sum: 0.6401228904724121
BuildTime: 106.00195598602295
AllTime: 106.64207887649536
Percentage: 0.6
