CalculatingTime: 0.6056394577026367
OrderingTime: 0.00021123886108398438
Sum: 0.6058506965637207
BuildTime: 124.8466637134552
AllTime: 125.45251441001892
Percentage: 0.48
