CalculatingTime: 0.6792032718658447
OrderingTime: 0.0002701282501220703
Sum: 0.6794734001159668
BuildTime: 150.52625513076782
AllTime: 151.2057285308838
Percentage: 0.45
