CalculatingTime: 0.5980188846588135
OrderingTime: 0.41315174102783203
Sum: 1.0111706256866455
BuildTime: 177.66830253601074
AllTime: 178.6794731616974
Percentage: 0.57
