CalculatingTime: 0.38069963455200195
OrderingTime: 0.2821824550628662
Sum: 0.6628820896148682
BuildTime: 156.33939838409424
AllTime: 157.0022804737091
Percentage: 0.42
