CommandTime: 1.5619487762451172
AnalysisTime: 0.020682096481323242
CalculatingTime: 0.608964204788208
OrderingTime: 0.10819268226623535
Sum: 2.299787759780884
BuildTime: 106.61602640151978
AllTime: 108.91581416130066
Percentage: 2.11
