CalculatingTime: 0.394986629486084
OrderingTime: 0.2582695484161377
Sum: 0.6532561779022217
BuildTime: 200.13491868972778
AllTime: 200.78817486763
Percentage: 0.33
