CalculatingTime: 0.39624500274658203
OrderingTime: 0.2613363265991211
Sum: 0.6575813293457031
BuildTime: 169.8514518737793
AllTime: 170.509033203125
Percentage: 0.39
