CommandTime: 1.6536855697631836
AnalysisTime: 0.019880056381225586
CalculatingTime: 0.640223503112793
OrderingTime: 0.7313339710235596
Sum: 3.0451231002807617
BuildTime: 101.84719347953796
AllTime: 104.89231657981873
Percentage: 2.9
