CommandTime: 1.5332069396972656
AnalysisTime: 0.019941091537475586
CalculatingTime: 0.6589334011077881
OrderingTime: 0.31420350074768066
Sum: 2.52628493309021
BuildTime: 161.47830843925476
AllTime: 164.00459337234497
Percentage: 1.54
