CalculatingTime: 0.7322797775268555
OrderingTime: 0.00022220611572265625
Sum: 0.7325019836425781
BuildTime: 142.83148646354675
AllTime: 143.56398844718933
Percentage: 0.51
