CalculatingTime: 0.6020586490631104
OrderingTime: 0.17157697677612305
Sum: 0.7736356258392334
BuildTime: 199.32541847229004
AllTime: 200.09905409812927
Percentage: 0.39
