CalculatingTime: 0.36484193801879883
OrderingTime: 0.15731310844421387
Sum: 0.5221550464630127
BuildTime: 187.47051405906677
AllTime: 187.99266910552979
Percentage: 0.28
