CalculatingTime: 0.39890074729919434
OrderingTime: 0.12738513946533203
Sum: 0.5262858867645264
BuildTime: 131.46631932258606
AllTime: 131.9926052093506
Percentage: 0.4
