CalculatingTime: 0.39624643325805664
OrderingTime: 0.08176016807556152
Sum: 0.47800660133361816
BuildTime: 125.14019513130188
AllTime: 125.6182017326355
Percentage: 0.38
