CalculatingTime: 0.35593557357788086
OrderingTime: 0.12890005111694336
Sum: 0.4848356246948242
BuildTime: 173.80525612831116
AllTime: 174.29009175300598
Percentage: 0.28
