CommandTime: 1.5721838474273682
AnalysisTime: 0.022022485733032227
CalculatingTime: 0.6325404644012451
OrderingTime: 0.18918323516845703
Sum: 2.4159300327301025
BuildTime: 150.50891399383545
AllTime: 152.92484402656555
Percentage: 1.58
