CommandTime: 1.5604665279388428
AnalysisTime: 0.02045464515686035
CalculatingTime: 0.7227268218994141
OrderingTime: 0.15410947799682617
Sum: 2.4577574729919434
BuildTime: 148.66206431388855
AllTime: 151.1198217868805
Percentage: 1.63
