CalculatingTime: 0.6579360961914062
OrderingTime: 0.16129183769226074
Sum: 0.819227933883667
BuildTime: 180.13062953948975
AllTime: 180.9498574733734
Percentage: 0.45
