CommandTime: 1.608604907989502
AnalysisTime: 0.01834869384765625
CalculatingTime: 0.6283159255981445
OrderingTime: 0.1936326026916504
Sum: 2.448902130126953
BuildTime: 152.34199476242065
AllTime: 154.7908968925476
Percentage: 1.58
