CalculatingTime: 0.37253546714782715
OrderingTime: 0.12408065795898438
Sum: 0.4966161251068115
BuildTime: 136.2332398891449
AllTime: 136.7298560142517
Percentage: 0.36
