CalculatingTime: 0.37222719192504883
OrderingTime: 0.08157110214233398
Sum: 0.4537982940673828
BuildTime: 154.56768465042114
AllTime: 155.02148294448853
Percentage: 0.29
