CalculatingTime: 0.6456108093261719
OrderingTime: 0.00020694732666015625
Sum: 0.645817756652832
BuildTime: 120.59602284431458
AllTime: 121.24184060096741
Percentage: 0.53
