CommandTime: 1.6213698387145996
AnalysisTime: 0.021384000778198242
CalculatingTime: 0.6866433620452881
OrderingTime: 0.3282945156097412
Sum: 2.657691717147827
BuildTime: 125.16377305984497
AllTime: 127.8214647769928
Percentage: 2.08
