CalculatingTime: 0.6853246688842773
OrderingTime: 1.053584098815918
Sum: 1.7389087677001953
BuildTime: 164.5471043586731
AllTime: 166.2860131263733
Percentage: 1.05
