CalculatingTime: 0.6683235168457031
OrderingTime: 0.2702028751373291
Sum: 0.9385263919830322
BuildTime: 132.70252466201782
AllTime: 133.64105105400085
Percentage: 0.7
