CommandTime: 1.6557295322418213
AnalysisTime: 0.0202786922454834
CalculatingTime: 0.6748068332672119
OrderingTime: 0.12124896049499512
Sum: 2.4720640182495117
BuildTime: 121.55991530418396
AllTime: 124.03197932243347
Percentage: 1.99
