CalculatingTime: 0.6762771606445312
OrderingTime: 0.24974536895751953
Sum: 0.9260225296020508
BuildTime: 164.83058071136475
AllTime: 165.7566032409668
Percentage: 0.56
