CommandTime: 1.5806481838226318
AnalysisTime: 0.019977331161499023
CalculatingTime: 0.6617786884307861
OrderingTime: 0.05610084533691406
Sum: 2.318505048751831
BuildTime: 136.60206985473633
AllTime: 138.92057490348816
Percentage: 1.67
