CalculatingTime: 0.6418404579162598
OrderingTime: 0.00012683868408203125
Sum: 0.6419672966003418
BuildTime: 101.97839570045471
AllTime: 102.62036299705505
Percentage: 0.63
