CalculatingTime: 0.6831309795379639
OrderingTime: 0.4802894592285156
Sum: 1.1634204387664795
BuildTime: 143.66475868225098
AllTime: 144.82817912101746
Percentage: 0.8
