CalculatingTime: 0.37650346755981445
OrderingTime: 0.1589066982269287
Sum: 0.5354101657867432
BuildTime: 127.49270129203796
AllTime: 128.0281114578247
Percentage: 0.42
