CommandTime: 1.6869142055511475
AnalysisTime: 0.020221948623657227
CalculatingTime: 0.6668093204498291
OrderingTime: 0.5214006900787354
Sum: 2.895346164703369
BuildTime: 138.74291467666626
AllTime: 141.63826084136963
Percentage: 2.04
