CalculatingTime: 0.4021279811859131
OrderingTime: 0.07346057891845703
Sum: 0.4755885601043701
BuildTime: 153.45447254180908
AllTime: 153.93006110191345
Percentage: 0.31
