CalculatingTime: 0.39464807510375977
OrderingTime: 0.12068748474121094
Sum: 0.5153355598449707
BuildTime: 148.3089723587036
AllTime: 148.82430791854858
Percentage: 0.35
