CalculatingTime: 0.6449511051177979
OrderingTime: 0.0002181529998779297
Sum: 0.6451692581176758
BuildTime: 151.73332333564758
AllTime: 152.37849259376526
Percentage: 0.42
