CommandTime: 1.562668800354004
AnalysisTime: 0.02055978775024414
CalculatingTime: 0.663010835647583
OrderingTime: 0.5250682830810547
Sum: 2.7713077068328857
BuildTime: 135.67130756378174
AllTime: 138.44261527061462
Percentage: 2.0
