CalculatingTime: 0.647301197052002
OrderingTime: 0.22679877281188965
Sum: 0.8740999698638916
BuildTime: 130.7856249809265
AllTime: 131.6597249507904
Percentage: 0.66
