CalculatingTime: 0.6071689128875732
OrderingTime: 0.20389223098754883
Sum: 0.8110611438751221
BuildTime: 162.29295206069946
AllTime: 163.10401320457458
Percentage: 0.5
