CommandTime: 1.692553997039795
AnalysisTime: 0.020746469497680664
CalculatingTime: 0.6729714870452881
OrderingTime: 0.03630423545837402
Sum: 2.4225761890411377
BuildTime: 125.49755454063416
AllTime: 127.9201307296753
Percentage: 1.89
