CommandTime: 1.5164070129394531
AnalysisTime: 0.020728588104248047
CalculatingTime: 0.6655433177947998
OrderingTime: 0.4309723377227783
Sum: 2.6336512565612793
BuildTime: 117.16611623764038
AllTime: 119.79976749420166
Percentage: 2.2
