CalculatingTime: 0.6644060611724854
OrderingTime: 0.00023889541625976562
Sum: 0.6646449565887451
BuildTime: 161.5227391719818
AllTime: 162.18738412857056
Percentage: 0.41
