CommandTime: 1.645883321762085
AnalysisTime: 0.020722389221191406
CalculatingTime: 0.6659963130950928
OrderingTime: 0.09678244590759277
Sum: 2.429384469985962
BuildTime: 106.5940272808075
AllTime: 109.02341175079346
Percentage: 2.23
