CalculatingTime: 0.36443281173706055
OrderingTime: 0.21165966987609863
Sum: 0.5760924816131592
BuildTime: 153.53384518623352
AllTime: 154.10993766784668
Percentage: 0.37
