CalculatingTime: 0.729954719543457
OrderingTime: 0.00023221969604492188
Sum: 0.730186939239502
BuildTime: 116.5855770111084
AllTime: 117.3157639503479
Percentage: 0.62
