CalculatingTime: 0.6558139324188232
OrderingTime: 0.00020265579223632812
Sum: 0.6560165882110596
BuildTime: 134.50763988494873
AllTime: 135.1636564731598
Percentage: 0.49
