CalculatingTime: 0.6557903289794922
OrderingTime: 0.18630170822143555
Sum: 0.8420920372009277
BuildTime: 147.14498472213745
AllTime: 147.98707675933838
Percentage: 0.57
