CalculatingTime: 0.6252601146697998
OrderingTime: 0.41370129585266113
Sum: 1.038961410522461
BuildTime: 169.63963770866394
AllTime: 170.6785991191864
Percentage: 0.61
