CalculatingTime: 0.6394531726837158
OrderingTime: 0.00015735626220703125
Sum: 0.6396105289459229
BuildTime: 125.4254834651947
AllTime: 126.06509399414062
Percentage: 0.51
