CalculatingTime: 0.663625955581665
OrderingTime: 0.24628591537475586
Sum: 0.9099118709564209
BuildTime: 124.52502346038818
AllTime: 125.4349353313446
Percentage: 0.73
