CommandTime: 1.9547460079193115
AnalysisTime: 0.06373023986816406
CalculatingTime: 2.602661609649658
OrderingTime: 1.6454715728759766
Sum: 6.26660943031311
BuildTime: 418.54274304707843
AllTime: 424.80935247739154
Percentage: 1.48
