CommandTime: 1.9465916156768799
AnalysisTime: 0.06325101852416992
CalculatingTime: 2.8213508129119873
OrderingTime: 0.7754960060119629
Sum: 5.606689453125
BuildTime: 379.306045293808
AllTime: 384.912734746933
Percentage: 1.46
