CommandTime: 1.9079418182373047
AnalysisTime: 0.06068563461303711
CalculatingTime: 2.491194486618042
OrderingTime: 1.5954594612121582
Sum: 6.055281400680542
BuildTime: 329.9432140191396
AllTime: 335.99849541982013
Percentage: 1.8
