CalculatingTime: 1.3526394367218018
OrderingTime: 0.0722208023071289
Sum: 1.4248602390289307
BuildTime: 719.4800816377004
AllTime: 720.9049418767294
Percentage: 0.2
