CommandTime: 2.2352747917175293
AnalysisTime: 0.06608724594116211
CalculatingTime: 2.7163212299346924
OrderingTime: 0.8049585819244385
Sum: 5.822641849517822
BuildTime: 313.33677156766254
AllTime: 319.15941341718036
Percentage: 1.82
