CommandTime: 2.317439317703247
AnalysisTime: 0.07239723205566406
CalculatingTime: 2.880772829055786
OrderingTime: 0.7431912422180176
Sum: 6.013800621032715
BuildTime: 345.1441632111867
AllTime: 351.1579638322194
Percentage: 1.71
