CommandTime: 2.375577449798584
AnalysisTime: 0.06940436363220215
CalculatingTime: 2.856945753097534
OrderingTime: 0.12435054779052734
Sum: 5.426278114318848
BuildTime: 334.57302379608154
AllTime: 339.9993019104004
Percentage: 1.6
