CalculatingTime: 1.2517502307891846
OrderingTime: 0.06660270690917969
Sum: 1.3183529376983643
BuildTime: 633.0750413735708
AllTime: 634.3933943112692
Percentage: 0.21
