CalculatingTime: 1.5119681358337402
OrderingTime: 0.07195782661437988
Sum: 1.5839259624481201
BuildTime: 605.3310055732727
AllTime: 606.9149315357208
Percentage: 0.26
