CalculatingTime: 1.332275629043579
OrderingTime: 0.06631088256835938
Sum: 1.3985865116119385
BuildTime: 535.5267314910889
AllTime: 536.9253180027008
Percentage: 0.26
