CommandTime: 2.3073196411132812
AnalysisTime: 0.06691884994506836
CalculatingTime: 2.921071767807007
OrderingTime: 0.956920862197876
Sum: 6.252231121063232
BuildTime: 244.51263936360678
AllTime: 250.76487048467004
Percentage: 2.49
