CalculatingTime: 1.2373156547546387
OrderingTime: 0.06578612327575684
Sum: 1.3031017780303955
BuildTime: 552.5882101853689
AllTime: 553.8913119633993
Percentage: 0.24
