CommandTime: 1.9194068908691406
AnalysisTime: 0.06241917610168457
CalculatingTime: 2.5789542198181152
OrderingTime: 1.4387156963348389
Sum: 5.999495983123779
BuildTime: 360.1125684579213
AllTime: 366.1120644410451
Percentage: 1.64
