CommandTime: 1.8677337169647217
AnalysisTime: 0.06245708465576172
CalculatingTime: 2.5203330516815186
OrderingTime: 1.5802605152130127
Sum: 6.030784368515015
BuildTime: 428.4938560326894
AllTime: 434.5246404012044
Percentage: 1.39
