CalculatingTime: 1.4586727619171143
OrderingTime: 0.06938004493713379
Sum: 1.528052806854248
BuildTime: 612.4344699382782
AllTime: 613.9625227451324
Percentage: 0.25
