CalculatingTime: 1.3817520141601562
OrderingTime: 0.07407498359680176
Sum: 1.455826997756958
BuildTime: 555.9793087641398
AllTime: 557.4351357618967
Percentage: 0.26
