CommandTime: 2.2483978271484375
AnalysisTime: 0.0707864761352539
CalculatingTime: 2.726104259490967
OrderingTime: 0.20750045776367188
Sum: 5.25278902053833
BuildTime: 286.0917371908824
AllTime: 291.3445262114207
Percentage: 1.8
