CalculatingTime: 1.386164903640747
OrderingTime: 0.07396245002746582
Sum: 1.460127353668213
BuildTime: 650.8662230968475
AllTime: 652.3263504505157
Percentage: 0.22
