CalculatingTime: 1.3475518226623535
OrderingTime: 0.05111217498779297
Sum: 1.3986639976501465
BuildTime: 383.0385151704152
AllTime: 384.43717916806537
Percentage: 0.36
