CommandTime: 2.4038045406341553
AnalysisTime: 0.06808900833129883
CalculatingTime: 2.8799052238464355
OrderingTime: 0.8810904026031494
Sum: 6.232889175415039
BuildTime: 370.8351054986318
AllTime: 377.0679946740468
Percentage: 1.65
