CalculatingTime: 1.3818027973175049
OrderingTime: 0.06602621078491211
Sum: 1.447829008102417
BuildTime: 621.6428831418356
AllTime: 623.090712149938
Percentage: 0.23
