CalculatingTime: 1.3263311386108398
OrderingTime: 0.0672914981842041
Sum: 1.393622636795044
BuildTime: 557.2526952425638
AllTime: 558.6463178793589
Percentage: 0.25
