CalculatingTime: 1.3926892280578613
OrderingTime: 0.07703495025634766
Sum: 1.469724178314209
BuildTime: 613.8220247427622
AllTime: 615.2917489210764
Percentage: 0.24
