CalculatingTime: 1.4142639636993408
OrderingTime: 0.06892657279968262
Sum: 1.4831905364990234
BuildTime: 535.2867066860199
AllTime: 536.7698972225189
Percentage: 0.28
