CalculatingTime: 1.4426167011260986
OrderingTime: 0.06854391098022461
Sum: 1.5111606121063232
BuildTime: 563.6901029745737
AllTime: 565.20126358668
Percentage: 0.27
