CommandTime: 2.446575164794922
AnalysisTime: 0.06674551963806152
CalculatingTime: 2.72817063331604
OrderingTime: 0.8426074981689453
Sum: 6.084098815917969
BuildTime: 312.17053842544556
AllTime: 318.2546372413635
Percentage: 1.91
