CommandTime: 2.332465171813965
AnalysisTime: 0.0648043155670166
CalculatingTime: 2.5382890701293945
OrderingTime: 1.8699910640716553
Sum: 6.805549621582031
BuildTime: 411.08865181605023
AllTime: 417.89420143763226
Percentage: 1.63
