CommandTime: 1.992701768875122
AnalysisTime: 0.06263351440429688
CalculatingTime: 2.6364190578460693
OrderingTime: 0.6580278873443604
Sum: 5.349782228469849
BuildTime: 362.4844919840495
AllTime: 367.83427421251935
Percentage: 1.45
