CalculatingTime: 1.42378830909729
OrderingTime: 0.04716897010803223
Sum: 1.4709572792053223
BuildTime: 603.1433175404867
AllTime: 604.614274819692
Percentage: 0.24
