CommandTime: 1.9068548679351807
AnalysisTime: 0.06580114364624023
CalculatingTime: 2.9828665256500244
OrderingTime: 0.5159003734588623
Sum: 5.471422910690308
BuildTime: 330.3319419225057
AllTime: 335.803364833196
Percentage: 1.63
