CalculatingTime: 1.382361650466919
OrderingTime: 0.07259821891784668
Sum: 1.4549598693847656
BuildTime: 653.2512500286102
AllTime: 654.706209897995
Percentage: 0.22
