CommandTime: 1.9233324527740479
AnalysisTime: 0.06367349624633789
CalculatingTime: 2.4811923503875732
OrderingTime: 0.9769272804260254
Sum: 5.445125579833984
BuildTime: 359.56624086697894
AllTime: 365.01136644681293
Percentage: 1.49
