CalculatingTime: 1.450021505355835
OrderingTime: 0.07438516616821289
Sum: 1.5244066715240479
BuildTime: 410.6352910200755
AllTime: 412.15969769159955
Percentage: 0.37
