CalculatingTime: 1.441218614578247
OrderingTime: 0.06664204597473145
Sum: 1.5078606605529785
BuildTime: 575.6125889619192
AllTime: 577.1204496224722
Percentage: 0.26
