CalculatingTime: 1.3873777389526367
OrderingTime: 0.07403159141540527
Sum: 1.461409330368042
BuildTime: 533.5261472860972
AllTime: 534.9875566164652
Percentage: 0.27
