CommandTime: 1.9148526191711426
AnalysisTime: 0.06692934036254883
CalculatingTime: 2.9223852157592773
OrderingTime: 1.6229004859924316
Sum: 6.5270676612854
BuildTime: 205.9430939356486
AllTime: 212.470161596934
Percentage: 3.07
