CommandTime: 1.9094338417053223
AnalysisTime: 0.06280040740966797
CalculatingTime: 2.6043858528137207
OrderingTime: 0.5942189693450928
Sum: 5.170839071273804
BuildTime: 369.4964470068614
AllTime: 374.6672860781352
Percentage: 1.38
