CalculatingTime: 1.4133551120758057
OrderingTime: 0.05920147895812988
Sum: 1.4725565910339355
BuildTime: 543.247266292572
AllTime: 544.719822883606
Percentage: 0.27
