CalculatingTime: 1.3485243320465088
OrderingTime: 0.06534194946289062
Sum: 1.4138662815093994
BuildTime: 692.2964758872986
AllTime: 693.710342168808
Percentage: 0.2
