CommandTime: 2.2871134281158447
AnalysisTime: 0.06471371650695801
CalculatingTime: 2.8288321495056152
OrderingTime: 1.2505040168762207
Sum: 6.431163311004639
BuildTime: 322.69412032763165
AllTime: 329.1252836386363
Percentage: 1.95
