CommandTime: 2.2192163467407227
AnalysisTime: 0.07024240493774414
CalculatingTime: 2.861100435256958
OrderingTime: 0.5312256813049316
Sum: 5.6817848682403564
BuildTime: 275.5347349643707
AllTime: 281.2165198326111
Percentage: 2.02
