CommandTime: 1.9067299365997314
AnalysisTime: 0.06682395935058594
CalculatingTime: 2.975156307220459
OrderingTime: 0.4424400329589844
Sum: 5.391150236129761
BuildTime: 245.3727437655131
AllTime: 250.76389400164283
Percentage: 2.15
