CalculatingTime: 1.3734462261199951
OrderingTime: 0.06336617469787598
Sum: 1.436812400817871
BuildTime: 411.3831599553426
AllTime: 412.81997235616046
Percentage: 0.35
