CalculatingTime: 1.3275978565216064
OrderingTime: 0.05845141410827637
Sum: 1.3860492706298828
BuildTime: 594.2181211312612
AllTime: 595.6041704018911
Percentage: 0.23
