CalculatingTime: 1.3410520553588867
OrderingTime: 0.06837964057922363
Sum: 1.4094316959381104
BuildTime: 700.7632493178049
AllTime: 702.172681013743
Percentage: 0.2
