CommandTime: 2.148237466812134
AnalysisTime: 0.06721878051757812
CalculatingTime: 2.404853582382202
OrderingTime: 0.8066589832305908
Sum: 5.426968812942505
BuildTime: 370.5584860642751
AllTime: 375.9854548772176
Percentage: 1.44
