CommandTime: 2.349576473236084
AnalysisTime: 0.06984782218933105
CalculatingTime: 2.841339349746704
OrderingTime: 1.1072771549224854
Sum: 6.3680408000946045
BuildTime: 287.8565218448639
AllTime: 294.2245626449585
Percentage: 2.16
