CalculatingTime: 1.3770127296447754
OrderingTime: 0.0715939998626709
Sum: 1.4486067295074463
BuildTime: 709.9362035592397
AllTime: 711.3848102887472
Percentage: 0.2
