CalculatingTime: 1.4228010177612305
OrderingTime: 0.07001519203186035
Sum: 1.4928162097930908
BuildTime: 465.9717824459076
AllTime: 467.4645986557007
Percentage: 0.32
