CommandTime: 2.3916261196136475
AnalysisTime: 0.07036972045898438
CalculatingTime: 2.8691165447235107
OrderingTime: 0.6309928894042969
Sum: 5.9621052742004395
BuildTime: 331.2694312731425
AllTime: 337.23153654734296
Percentage: 1.77
