CommandTime: 1.9977965354919434
AnalysisTime: 0.0649416446685791
CalculatingTime: 2.819434404373169
OrderingTime: 0.3200066089630127
Sum: 5.202179193496704
BuildTime: 361.513028939565
AllTime: 366.7152081330617
Percentage: 1.42
