CalculatingTime: 1.4088160991668701
OrderingTime: 0.07020092010498047
Sum: 1.4790170192718506
BuildTime: 707.6874083677927
AllTime: 709.1664253870646
Percentage: 0.21
