CommandTime: 2.2871947288513184
AnalysisTime: 0.06647205352783203
CalculatingTime: 2.559659481048584
OrderingTime: 1.778092384338379
Sum: 6.691418647766113
BuildTime: 283.19150948524475
AllTime: 289.88292813301086
Percentage: 2.31
