CommandTime: 2.2910165786743164
AnalysisTime: 0.06963920593261719
CalculatingTime: 2.955993413925171
OrderingTime: 0.8926734924316406
Sum: 6.209322690963745
BuildTime: 363.97958008448285
AllTime: 370.1889027754466
Percentage: 1.68
