CommandTime: 1.9372062683105469
AnalysisTime: 0.061489105224609375
CalculatingTime: 2.1862847805023193
OrderingTime: 0.24649643898010254
Sum: 4.431476593017578
BuildTime: 272.6338339646657
AllTime: 277.0653105576833
Percentage: 1.6
