CalculatingTime: 1.3340468406677246
OrderingTime: 0.06083416938781738
Sum: 1.394881010055542
BuildTime: 611.4966009457906
AllTime: 612.8914819558462
Percentage: 0.23
