CalculatingTime: 1.4780182838439941
OrderingTime: 0.06939482688903809
Sum: 1.5474131107330322
BuildTime: 656.0727290312449
AllTime: 657.6201421419779
Percentage: 0.24
