CommandTime: 1.9356985092163086
AnalysisTime: 0.06593585014343262
CalculatingTime: 2.983793258666992
OrderingTime: 1.3823566436767578
Sum: 6.367784261703491
BuildTime: 215.38071250915527
AllTime: 221.74849677085876
Percentage: 2.87
