CalculatingTime: 1.4764068126678467
OrderingTime: 0.07503986358642578
Sum: 1.5514466762542725
BuildTime: 681.3029548327128
AllTime: 682.854401508967
Percentage: 0.23
