CommandTime: 2.373492479324341
AnalysisTime: 0.06547212600708008
CalculatingTime: 2.5116941928863525
OrderingTime: 0.740692138671875
Sum: 5.691350936889648
BuildTime: 295.3510096867879
AllTime: 301.04236062367755
Percentage: 1.89
