CalculatingTime: 1.4705228805541992
OrderingTime: 0.07254338264465332
Sum: 1.5430662631988525
BuildTime: 540.463528474172
AllTime: 542.0065947373708
Percentage: 0.28
