CommandTime: 1.9374821186065674
AnalysisTime: 0.06638216972351074
CalculatingTime: 3.075345516204834
OrderingTime: 0.11168670654296875
Sum: 5.190896511077881
BuildTime: 379.55442865689594
AllTime: 384.7453251679738
Percentage: 1.35
