CommandTime: 1.9006965160369873
AnalysisTime: 0.06659626960754395
CalculatingTime: 2.9145209789276123
OrderingTime: 0.7836518287658691
Sum: 5.665465593338013
BuildTime: 313.2703886826833
AllTime: 318.9358542760213
Percentage: 1.78
