CalculatingTime: 1.422067403793335
OrderingTime: 0.06866979598999023
Sum: 1.4907371997833252
BuildTime: 606.594655195872
AllTime: 608.0853923956553
Percentage: 0.25
