CommandTime: 6.062283039093018
AnalysisTime: 0.053009986877441406
CalculatingTime: 2.226158857345581
OrderingTime: 0.12830018997192383
Sum: 8.469752073287964
BuildTime: 1439.6376592318218
AllTime: 1448.1074113051097
Percentage: 0.58
