CommandTime: 6.057536363601685
AnalysisTime: 0.05485105514526367
CalculatingTime: 2.692704439163208
OrderingTime: 0.9138674736022949
Sum: 9.718959331512451
BuildTime: 1628.9899004300435
AllTime: 1638.708859761556
Percentage: 0.59
