CalculatingTime: 1.3037805557250977
OrderingTime: 0.061316728591918945
Sum: 1.3650972843170166
BuildTime: 3140.0831501483917
AllTime: 3141.4482474327087
Percentage: 0.04
