CalculatingTime: 1.325545072555542
OrderingTime: 0.06487369537353516
Sum: 1.3904187679290771
BuildTime: 2960.932045777639
AllTime: 2962.322464545568
Percentage: 0.05
