CommandTime: 5.8751747608184814
AnalysisTime: 0.05374932289123535
CalculatingTime: 2.124663829803467
OrderingTime: 0.3344547748565674
Sum: 8.388042688369751
BuildTime: 2479.504479487737
AllTime: 2487.892522176107
Percentage: 0.34
