CalculatingTime: 1.5336806774139404
OrderingTime: 0.07768130302429199
Sum: 1.6113619804382324
BuildTime: 2493.0356736977897
AllTime: 2494.647035678228
Percentage: 0.06
