CalculatingTime: 1.5589256286621094
OrderingTime: 0.07072949409484863
Sum: 1.629655122756958
BuildTime: 3118.1877053578696
AllTime: 3119.8173604806266
Percentage: 0.05
