CalculatingTime: 1.3812217712402344
OrderingTime: 0.06350898742675781
Sum: 1.4447307586669922
BuildTime: 2703.0714208285012
AllTime: 2704.516151587168
Percentage: 0.05
