CommandTime: 6.821648836135864
AnalysisTime: 0.054979801177978516
CalculatingTime: 2.569568395614624
OrderingTime: 0.17209410667419434
Sum: 9.618291139602661
BuildTime: 1872.7459682623546
AllTime: 1882.3642594019573
Percentage: 0.51
