CalculatingTime: 1.3998041152954102
OrderingTime: 0.07029247283935547
Sum: 1.4700965881347656
BuildTime: 2077.953126748403
AllTime: 2079.423223336538
Percentage: 0.07
