CalculatingTime: 1.5165822505950928
OrderingTime: 0.0625917911529541
Sum: 1.5791740417480469
BuildTime: 2477.836766719818
AllTime: 2479.415940761566
Percentage: 0.06
