CalculatingTime: 1.4134776592254639
OrderingTime: 0.06536436080932617
Sum: 1.47884202003479
BuildTime: 2507.0052518844604
AllTime: 2508.4840939044952
Percentage: 0.06
