CommandTime: 4.552934169769287
AnalysisTime: 0.047775983810424805
CalculatingTime: 1.957815170288086
OrderingTime: 0.3321514129638672
Sum: 6.890676736831665
BuildTime: 1432.9696220556896
AllTime: 1439.8602987925212
Percentage: 0.48
