CalculatingTime: 1.457038402557373
OrderingTime: 0.06835556030273438
Sum: 1.5253939628601074
BuildTime: 3140.400241216024
AllTime: 3141.925635178884
Percentage: 0.05
