CommandTime: 5.47734522819519
AnalysisTime: 0.05132865905761719
CalculatingTime: 2.1996984481811523
OrderingTime: 1.3032324314117432
Sum: 9.031604766845703
BuildTime: 1430.1764101982117
AllTime: 1439.2080149650574
Percentage: 0.63
