CommandTime: 5.782217502593994
AnalysisTime: 0.048418283462524414
CalculatingTime: 2.321974277496338
OrderingTime: 0.6122589111328125
Sum: 8.764868974685669
BuildTime: 1641.9782643318176
AllTime: 1650.7431333065033
Percentage: 0.53
