CalculatingTime: 1.3192784786224365
OrderingTime: 0.06026959419250488
Sum: 1.3795480728149414
BuildTime: 3171.9804723262787
AllTime: 3173.3600203990936
Percentage: 0.04
