CommandTime: 5.063003063201904
AnalysisTime: 0.04912877082824707
CalculatingTime: 2.1044669151306152
OrderingTime: 0.25519490242004395
Sum: 7.4717936515808105
BuildTime: 1233.9469505151112
AllTime: 1241.418744166692
Percentage: 0.6
