CommandTime: 6.33051609992981
AnalysisTime: 0.05476784706115723
CalculatingTime: 2.7327122688293457
OrderingTime: 0.1888110637664795
Sum: 9.306807279586792
BuildTime: 1844.9051237106323
AllTime: 1854.2119309902191
Percentage: 0.5
