CalculatingTime: 1.4476721286773682
OrderingTime: 0.06806111335754395
Sum: 1.515733242034912
BuildTime: 2716.437360843023
AllTime: 2717.9530940850577
Percentage: 0.06
