CommandTime: 5.344864130020142
AnalysisTime: 0.04888439178466797
CalculatingTime: 2.351447820663452
OrderingTime: 0.15836143493652344
Sum: 7.903557777404785
BuildTime: 1428.6691935062408
AllTime: 1436.5727512836456
Percentage: 0.55
