CalculatingTime: 1.3409979343414307
OrderingTime: 0.06345701217651367
Sum: 1.4044549465179443
BuildTime: 3331.848441282908
AllTime: 3333.252896229426
Percentage: 0.04
