CommandTime: 5.383151531219482
AnalysisTime: 0.05239510536193848
CalculatingTime: 2.3462741374969482
OrderingTime: 0.47737884521484375
Sum: 8.259199619293213
BuildTime: 1427.8959581057231
AllTime: 1436.1551577250164
Percentage: 0.58
