CalculatingTime: 1.2886872291564941
OrderingTime: 0.06780695915222168
Sum: 1.3564941883087158
BuildTime: 2706.1637036800385
AllTime: 2707.520197868347
Percentage: 0.05
