CommandTime: 6.22219705581665
AnalysisTime: 0.05331015586853027
CalculatingTime: 2.263916015625
OrderingTime: 0.3598759174346924
Sum: 8.899299144744873
BuildTime: 2077.4444834391275
AllTime: 2086.3437825838723
Percentage: 0.43
