CalculatingTime: 1.316990852355957
OrderingTime: 0.06670713424682617
Sum: 1.3836979866027832
BuildTime: 3336.8366095225015
AllTime: 3338.2203075091043
Percentage: 0.04
