CommandTime: 5.4314353466033936
AnalysisTime: 0.05106329917907715
CalculatingTime: 2.557445526123047
OrderingTime: 0.6352288722991943
Sum: 8.675173044204712
BuildTime: 2067.6836545467377
AllTime: 2076.3588275909424
Percentage: 0.42
