CommandTime: 6.197670221328735
AnalysisTime: 0.05721306800842285
CalculatingTime: 2.7422261238098145
OrderingTime: 0.6987364292144775
Sum: 9.69584584236145
BuildTime: 1636.371635834376
AllTime: 1646.0674816767375
Percentage: 0.59
