CalculatingTime: 1.4371490478515625
OrderingTime: 0.06820559501647949
Sum: 1.505354642868042
BuildTime: 2280.071802934011
AllTime: 2281.577157576879
Percentage: 0.07
