CalculatingTime: 1.4634277820587158
OrderingTime: 0.06917524337768555
Sum: 1.5326030254364014
BuildTime: 2481.042905330658
AllTime: 2482.5755083560944
Percentage: 0.06
