CommandTime: 6.18137788772583
AnalysisTime: 0.055983781814575195
CalculatingTime: 2.4639036655426025
OrderingTime: 0.5969574451446533
Sum: 9.298222780227661
BuildTime: 2270.2868038018546
AllTime: 2279.5850265820823
Percentage: 0.41
