CommandTime: 5.913259267807007
AnalysisTime: 0.05454564094543457
CalculatingTime: 2.495516300201416
OrderingTime: 0.25916123390197754
Sum: 8.722482442855835
BuildTime: 2058.2294223308563
AllTime: 2066.951904773712
Percentage: 0.42
