CalculatingTime: 1.3054141998291016
OrderingTime: 0.06125807762145996
Sum: 1.3666722774505615
BuildTime: 3787.6715819040933
AllTime: 3789.038254181544
Percentage: 0.04
