CalculatingTime: 1.364006519317627
OrderingTime: 0.06499361991882324
Sum: 1.4290001392364502
BuildTime: 2707.5810577869415
AllTime: 2709.010057926178
Percentage: 0.05
