CalculatingTime: 1.364927053451538
OrderingTime: 0.04745316505432129
Sum: 1.4123802185058594
BuildTime: 3135.0274971326194
AllTime: 3136.4398773511252
Percentage: 0.05
