CalculatingTime: 1.3188674449920654
OrderingTime: 0.061009883880615234
Sum: 1.3798773288726807
BuildTime: 2498.700851917267
AllTime: 2500.0807292461395
Percentage: 0.06
