CalculatingTime: 1.2409591674804688
OrderingTime: 0.05617332458496094
Sum: 1.2971324920654297
BuildTime: 2277.528742233912
AllTime: 2278.8258747259774
Percentage: 0.06
