CommandTime: 5.528712272644043
AnalysisTime: 0.05213665962219238
CalculatingTime: 2.5506720542907715
OrderingTime: 0.33434033393859863
Sum: 8.465861320495605
BuildTime: 1433.4300359884899
AllTime: 1441.8958973089855
Percentage: 0.59
