CommandTime: 6.370758771896362
AnalysisTime: 0.05799603462219238
CalculatingTime: 2.828542709350586
OrderingTime: 0.5157442092895508
Sum: 9.773041725158691
BuildTime: 1221.0243990421295
AllTime: 1230.7974407672882
Percentage: 0.79
