CommandTime: 6.722879648208618
AnalysisTime: 0.05580782890319824
CalculatingTime: 2.6553194522857666
OrderingTime: 0.24253463745117188
Sum: 9.676541566848755
BuildTime: 1633.7238260904949
AllTime: 1643.4003676573436
Percentage: 0.59
