CalculatingTime: 1.5146009922027588
OrderingTime: 0.06995534896850586
Sum: 1.5845563411712646
BuildTime: 2268.487934112549
AllTime: 2270.07249045372
Percentage: 0.07
