CommandTime: 5.7947471141815186
AnalysisTime: 0.05408000946044922
CalculatingTime: 2.551347494125366
OrderingTime: 0.6467220783233643
Sum: 9.046896696090698
BuildTime: 1640.5786849657695
AllTime: 1649.6255816618602
Percentage: 0.55
