CommandTime: 5.347436904907227
AnalysisTime: 0.05171632766723633
CalculatingTime: 2.605090379714966
OrderingTime: 0.3706066608428955
Sum: 8.374850273132324
BuildTime: 1430.4736614227295
AllTime: 1438.8485116958618
Percentage: 0.58
