CommandTime: 6.13385272026062
AnalysisTime: 0.05353116989135742
CalculatingTime: 2.716615676879883
OrderingTime: 0.5491621494293213
Sum: 9.453161716461182
BuildTime: 1631.423527956009
AllTime: 1640.87668967247
Percentage: 0.58
