CalculatingTime: 1.278360366821289
OrderingTime: 0.06186866760253906
Sum: 1.3402290344238281
BuildTime: 2710.699713945389
AllTime: 2712.0399429798126
Percentage: 0.05
