CommandTime: 5.92629861831665
AnalysisTime: 0.052281856536865234
CalculatingTime: 2.7761876583099365
OrderingTime: 0.11306309700012207
Sum: 8.867831230163574
BuildTime: 1851.788098971049
AllTime: 1860.6559302012126
Percentage: 0.48
