CommandTime: 5.506215333938599
AnalysisTime: 0.05051112174987793
CalculatingTime: 2.5176033973693848
OrderingTime: 0.11456084251403809
Sum: 8.1888906955719
BuildTime: 1638.232086579005
AllTime: 1646.420977274577
Percentage: 0.5
