CommandTime: 5.574159145355225
AnalysisTime: 0.051805734634399414
CalculatingTime: 2.371939182281494
OrderingTime: 0.562786340713501
Sum: 8.56069040298462
BuildTime: 2272.6830135186515
AllTime: 2281.243703921636
Percentage: 0.38
