CalculatingTime: 1.4019594192504883
OrderingTime: 0.06720161437988281
Sum: 1.469161033630371
BuildTime: 2942.1322792371116
AllTime: 2943.601440270742
Percentage: 0.05
