CalculatingTime: 1.3465285301208496
OrderingTime: 0.06867146492004395
Sum: 1.4151999950408936
BuildTime: 2910.756727695465
AllTime: 2912.171927690506
Percentage: 0.05
