CommandTime: 6.275852918624878
AnalysisTime: 0.053827524185180664
CalculatingTime: 2.6370458602905273
OrderingTime: 0.3177628517150879
Sum: 9.284489154815674
BuildTime: 2051.907918691635
AllTime: 2061.192407846451
Percentage: 0.45
