CommandTime: 5.767843246459961
AnalysisTime: 0.055031776428222656
CalculatingTime: 2.5097270011901855
OrderingTime: 0.2420363426208496
Sum: 8.574638366699219
BuildTime: 1851.3564444382985
AllTime: 1859.9310828049977
Percentage: 0.46
