CommandTime: 5.508111000061035
AnalysisTime: 0.0514678955078125
CalculatingTime: 2.6222360134124756
OrderingTime: 0.6972975730895996
Sum: 8.879112482070923
BuildTime: 1644.6192178726196
AllTime: 1653.4983303546906
Percentage: 0.54
