CommandTime: 5.208530426025391
AnalysisTime: 0.05076241493225098
CalculatingTime: 2.041344165802002
OrderingTime: 0.30443406105041504
Sum: 7.605071067810059
BuildTime: 1649.8409360249836
AllTime: 1657.4460070927937
Percentage: 0.46
