CalculatingTime: 1.297055959701538
OrderingTime: 0.06527185440063477
Sum: 1.3623278141021729
BuildTime: 2069.4611962636313
AllTime: 2070.8235240777335
Percentage: 0.07
