CommandTime: 5.823816537857056
AnalysisTime: 0.05348777770996094
CalculatingTime: 2.3497424125671387
OrderingTime: 0.4305555820465088
Sum: 8.657602310180664
BuildTime: 1838.6695497830708
AllTime: 1847.3271520932515
Percentage: 0.47
