CalculatingTime: 1.4530699253082275
OrderingTime: 0.07194018363952637
Sum: 1.525010108947754
BuildTime: 2707.910282532374
AllTime: 2709.4352926413217
Percentage: 0.06
