CalculatingTime: 1.475400447845459
OrderingTime: 0.06483602523803711
Sum: 1.540236473083496
BuildTime: 2517.420203844706
AllTime: 2518.9604403177896
Percentage: 0.06
