CalculatingTime: 1.4412775039672852
OrderingTime: 0.09466886520385742
Sum: 1.5359463691711426
BuildTime: 2278.391807397207
AllTime: 2279.927753766378
Percentage: 0.07
