CalculatingTime: 1.2967138290405273
OrderingTime: 0.06804871559143066
Sum: 1.364762544631958
BuildTime: 3128.4772113958993
AllTime: 3129.8419739405313
Percentage: 0.04
