CommandTime: 4.8934736251831055
AnalysisTime: 0.04723072052001953
CalculatingTime: 2.682807683944702
OrderingTime: 0.6082508563995361
Sum: 8.231762886047363
BuildTime: 1224.9534845352173
AllTime: 1233.1852474212646
Percentage: 0.67
