CommandTime: 5.584824085235596
AnalysisTime: 0.04775571823120117
CalculatingTime: 2.405609369277954
OrderingTime: 0.219102144241333
Sum: 8.257291316986084
BuildTime: 1442.3344911734264
AllTime: 1450.5917824904125
Percentage: 0.57
