CalculatingTime: 1.4286205768585205
OrderingTime: 0.06259512901306152
Sum: 1.491215705871582
BuildTime: 2767.404579718908
AllTime: 2768.8957954247794
Percentage: 0.05
