CalculatingTime: 1.316802740097046
OrderingTime: 0.06764793395996094
Sum: 1.3844506740570068
BuildTime: 2708.769737879435
AllTime: 2710.154188553492
Percentage: 0.05
