CalculatingTime: 0.3977236747741699
OrderingTime: 0.0002067089080810547
Sum: 0.397930383682251
BuildTime: 85.986154794693
AllTime: 86.38408517837524
Percentage: 0.46
