CalculatingTime: 0.20983052253723145
OrderingTime: 0.6771454811096191
Sum: 0.8869760036468506
BuildTime: 115.79131412506104
AllTime: 116.67829012870789
Percentage: 0.76
