CalculatingTime: 0.38602781295776367
OrderingTime: 0.00020194053649902344
Sum: 0.3862297534942627
BuildTime: 85.43605327606201
AllTime: 85.82228302955627
Percentage: 0.45
