CalculatingTime: 0.345947265625
OrderingTime: 0.00018024444580078125
Sum: 0.3461275100708008
BuildTime: 86.55076479911804
AllTime: 86.89689230918884
Percentage: 0.4
