CalculatingTime: 0.400127649307251
OrderingTime: 0.0002181529998779297
Sum: 0.4003458023071289
BuildTime: 85.38775682449341
AllTime: 85.78810262680054
Percentage: 0.47
