CalculatingTime: 0.2068803310394287
OrderingTime: 0.7211136817932129
Sum: 0.9279940128326416
BuildTime: 115.92380142211914
AllTime: 116.85179543495178
Percentage: 0.79
