CalculatingTime: 0.34857726097106934
OrderingTime: 0.00019097328186035156
Sum: 0.3487682342529297
BuildTime: 86.69433808326721
AllTime: 87.04310631752014
Percentage: 0.4
