CalculatingTime: 0.3113987445831299
OrderingTime: 0.4260077476501465
Sum: 0.7374064922332764
BuildTime: 210.94492483139038
AllTime: 211.68233132362366
Percentage: 0.35
