CalculatingTime: 0.3762812614440918
OrderingTime: 0.2661254405975342
Sum: 0.642406702041626
BuildTime: 208.15482640266418
AllTime: 208.7972331047058
Percentage: 0.31
