CommandTime: 1.8306291103363037
AnalysisTime: 0.01392984390258789
CalculatingTime: 0.33435678482055664
OrderingTime: 1.355722188949585
Sum: 3.534637928009033
BuildTime: 87.2386999130249
AllTime: 90.77333784103394
Percentage: 3.89
