CommandTime: 1.9331061840057373
AnalysisTime: 0.014242887496948242
CalculatingTime: 0.37700867652893066
OrderingTime: 1.2725725173950195
Sum: 3.5969302654266357
BuildTime: 87.73859667778015
AllTime: 91.33552694320679
Percentage: 3.94
