CalculatingTime: 0.21524930000305176
OrderingTime: 0.8419477939605713
Sum: 1.057197093963623
BuildTime: 116.03176212310791
AllTime: 117.08895921707153
Percentage: 0.9
