CalculatingTime: 0.3141770362854004
OrderingTime: 0.4972062110900879
Sum: 0.8113832473754883
BuildTime: 147.08801794052124
AllTime: 147.89940118789673
Percentage: 0.55
