CalculatingTime: 0.2068948745727539
OrderingTime: 0.6709508895874023
Sum: 0.8778457641601562
BuildTime: 86.07700610160828
AllTime: 86.95485186576843
Percentage: 1.01
