CommandTime: 1.9985144138336182
AnalysisTime: 0.014231204986572266
CalculatingTime: 0.3704967498779297
OrderingTime: 2.417710304260254
Sum: 4.800952672958374
BuildTime: 88.27308344841003
AllTime: 93.07403612136841
Percentage: 5.16
