CalculatingTime: 0.3459320068359375
OrderingTime: 0.000209808349609375
Sum: 0.3461418151855469
BuildTime: 84.98612523078918
AllTime: 85.33226704597473
Percentage: 0.41
