CommandTime: 1.9516105651855469
AnalysisTime: 0.0138702392578125
CalculatingTime: 0.3613600730895996
OrderingTime: 1.6394991874694824
Sum: 3.9663400650024414
BuildTime: 87.18346285820007
AllTime: 91.14980292320251
Percentage: 4.35
