CalculatingTime: 0.3867478370666504
OrderingTime: 0.00014925003051757812
Sum: 0.38689708709716797
BuildTime: 85.54330039024353
AllTime: 85.9301974773407
Percentage: 0.45
