CalculatingTime: 0.21377968788146973
OrderingTime: 0.6824605464935303
Sum: 0.896240234375
BuildTime: 115.31498384475708
AllTime: 116.21122407913208
Percentage: 0.77
