CommandTime: 1.9163284301757812
AnalysisTime: 0.014078855514526367
CalculatingTime: 0.3699498176574707
OrderingTime: 0.9032776355743408
Sum: 3.203634738922119
BuildTime: 86.86378502845764
AllTime: 90.06741976737976
Percentage: 3.56
