CalculatingTime: 0.3335120677947998
OrderingTime: 0.2379610538482666
Sum: 0.5714731216430664
BuildTime: 208.52972793579102
AllTime: 209.10120105743408
Percentage: 0.27
