CalculatingTime: 0.3570826053619385
OrderingTime: 0.0001621246337890625
Sum: 0.35724472999572754
BuildTime: 86.1825122833252
AllTime: 86.53975701332092
Percentage: 0.41
