CommandTime: 2.2480227947235107
AnalysisTime: 0.015623807907104492
CalculatingTime: 0.34343385696411133
OrderingTime: 0.3830685615539551
Sum: 2.9901490211486816
BuildTime: 86.71315860748291
AllTime: 89.70330762863159
Percentage: 3.33
