CalculatingTime: 0.3336215019226074
OrderingTime: 0.00022268295288085938
Sum: 0.3338441848754883
BuildTime: 85.96676063537598
AllTime: 86.30060482025146
Percentage: 0.39
