CommandTime: 1.8036515712738037
AnalysisTime: 0.014477729797363281
CalculatingTime: 0.33318042755126953
OrderingTime: 2.420747995376587
Sum: 4.572057723999023
BuildTime: 87.35578298568726
AllTime: 91.92784070968628
Percentage: 4.97
