CalculatingTime: 0.38202404975891113
OrderingTime: 0.000213623046875
Sum: 0.38223767280578613
BuildTime: 85.68015956878662
AllTime: 86.06239724159241
Percentage: 0.44
