CalculatingTime: 0.3634941577911377
OrderingTime: 0.0002090930938720703
Sum: 0.36370325088500977
BuildTime: 87.3588137626648
AllTime: 87.7225170135498
Percentage: 0.41
