CalculatingTime: 0.3394756317138672
OrderingTime: 0.44828104972839355
Sum: 0.7877566814422607
BuildTime: 237.9599313735962
AllTime: 238.74768805503845
Percentage: 0.33
