CommandTime: 1.8860361576080322
AnalysisTime: 0.014061927795410156
CalculatingTime: 0.3500187397003174
OrderingTime: 1.12095308303833
Sum: 3.37106990814209
BuildTime: 86.82007241249084
AllTime: 90.19114232063293
Percentage: 3.74
