CalculatingTime: 0.3739891052246094
OrderingTime: 0.00019359588623046875
Sum: 0.37418270111083984
BuildTime: 86.35463643074036
AllTime: 86.7288191318512
Percentage: 0.43
