CalculatingTime: 0.3324732780456543
OrderingTime: 0.3377811908721924
Sum: 0.6702544689178467
BuildTime: 238.94018840789795
AllTime: 239.6104428768158
Percentage: 0.28
