CommandTime: 1.8979086875915527
AnalysisTime: 0.014298677444458008
CalculatingTime: 0.3357961177825928
OrderingTime: 1.6710090637207031
Sum: 3.9190125465393066
BuildTime: 86.11740446090698
AllTime: 90.03641700744629
Percentage: 4.35
