CommandTime: 1.9296951293945312
AnalysisTime: 0.014500141143798828
CalculatingTime: 0.34775304794311523
OrderingTime: 2.3755383491516113
Sum: 4.667486667633057
BuildTime: 86.77797102928162
AllTime: 91.44545769691467
Percentage: 5.1
