CalculatingTime: 0.18804216384887695
OrderingTime: 0.4739100933074951
Sum: 0.6619522571563721
BuildTime: 116.24992060661316
AllTime: 116.91187286376953
Percentage: 0.57
