CalculatingTime: 0.20472359657287598
OrderingTime: 1.4979333877563477
Sum: 1.7026569843292236
BuildTime: 116.90438795089722
AllTime: 118.60704493522644
Percentage: 1.44
