CalculatingTime: 0.1965031623840332
OrderingTime: 0.49239444732666016
Sum: 0.6888976097106934
BuildTime: 84.94755506515503
AllTime: 85.63645267486572
Percentage: 0.8
