CalculatingTime: 0.17072486877441406
OrderingTime: 0.7136504650115967
Sum: 0.8843753337860107
BuildTime: 115.23147583007812
AllTime: 116.11585116386414
Percentage: 0.76
