CommandTime: 2.023991823196411
AnalysisTime: 0.014553308486938477
CalculatingTime: 0.3641629219055176
OrderingTime: 1.4978439807891846
Sum: 3.9005520343780518
BuildTime: 86.81246876716614
AllTime: 90.71302080154419
Percentage: 4.3
