CalculatingTime: 0.19015097618103027
OrderingTime: 1.0253424644470215
Sum: 1.2154934406280518
BuildTime: 115.8809654712677
AllTime: 117.09645891189575
Percentage: 1.04
