CommandTime: 2.000753402709961
AnalysisTime: 0.015395641326904297
CalculatingTime: 0.38162970542907715
OrderingTime: 1.2008404731750488
Sum: 3.598619222640991
BuildTime: 87.22540593147278
AllTime: 90.82402515411377
Percentage: 3.96
