CalculatingTime: 0.31044721603393555
OrderingTime: 0.354339599609375
Sum: 0.6647868156433105
BuildTime: 209.65339136123657
AllTime: 210.31817817687988
Percentage: 0.32
