CalculatingTime: 0.36220264434814453
OrderingTime: 0.4335362911224365
Sum: 0.795738935470581
BuildTime: 239.45436477661133
AllTime: 240.2501037120819
Percentage: 0.33
