CalculatingTime: 0.3277435302734375
OrderingTime: 0.2916724681854248
Sum: 0.6194159984588623
BuildTime: 147.8574094772339
AllTime: 148.47682547569275
Percentage: 0.42
