CalculatingTime: 0.21104812622070312
OrderingTime: 0.6106212139129639
Sum: 0.821669340133667
BuildTime: 85.94736504554749
AllTime: 86.76903438568115
Percentage: 0.95
