CalculatingTime: 0.387376070022583
OrderingTime: 0.00021028518676757812
Sum: 0.3875863552093506
BuildTime: 85.75645065307617
AllTime: 86.14403700828552
Percentage: 0.45
