CalculatingTime: 0.2059497833251953
OrderingTime: 0.968148946762085
Sum: 1.1740987300872803
BuildTime: 87.13288307189941
AllTime: 88.3069818019867
Percentage: 1.33
