CalculatingTime: 0.33355045318603516
OrderingTime: 0.00013756752014160156
Sum: 0.33368802070617676
BuildTime: 86.32652878761292
AllTime: 86.66021680831909
Percentage: 0.39
