CommandTime: 1.8623392581939697
AnalysisTime: 0.014004707336425781
CalculatingTime: 0.3491852283477783
OrderingTime: 1.1650776863098145
Sum: 3.3906068801879883
BuildTime: 86.70275521278381
AllTime: 90.0933620929718
Percentage: 3.76
