CommandTime: 1.9625229835510254
AnalysisTime: 0.014260292053222656
CalculatingTime: 0.33900904655456543
OrderingTime: 1.8063337802886963
Sum: 4.12212610244751
BuildTime: 86.63320469856262
AllTime: 90.75533080101013
Percentage: 4.54
