CalculatingTime: 0.30627012252807617
OrderingTime: 0.5252161026000977
Sum: 0.8314862251281738
BuildTime: 239.25596833229065
AllTime: 240.08745455741882
Percentage: 0.35
