CommandTime: 1.9860498905181885
AnalysisTime: 0.014719009399414062
CalculatingTime: 0.3470139503479004
OrderingTime: 1.793078899383545
Sum: 4.140861749649048
BuildTime: 86.08070397377014
AllTime: 90.22156572341919
Percentage: 4.59
