CalculatingTime: 0.4519352912902832
OrderingTime: 0.00020575523376464844
Sum: 0.45214104652404785
BuildTime: 85.66485834121704
AllTime: 86.11699938774109
Percentage: 0.53
