CalculatingTime: 0.21712493896484375
OrderingTime: 0.6226983070373535
Sum: 0.8398232460021973
BuildTime: 115.78819251060486
AllTime: 116.62801575660706
Percentage: 0.72
