CalculatingTime: 0.33058643341064453
OrderingTime: 0.38637614250183105
Sum: 0.7169625759124756
BuildTime: 210.3987855911255
AllTime: 211.11574816703796
Percentage: 0.34
