CalculatingTime: 0.19400787353515625
OrderingTime: 0.8500840663909912
Sum: 1.0440919399261475
BuildTime: 85.83139514923096
AllTime: 86.8754870891571
Percentage: 1.2
