CalculatingTime: 0.3332676887512207
OrderingTime: 0.3987150192260742
Sum: 0.7319827079772949
BuildTime: 208.19073510169983
AllTime: 208.92271780967712
Percentage: 0.35
