CalculatingTime: 0.3325188159942627
OrderingTime: 0.35266900062561035
Sum: 0.685187816619873
BuildTime: 238.5344307422638
AllTime: 239.21961855888367
Percentage: 0.29
