CalculatingTime: 0.36856794357299805
OrderingTime: 0.3030736446380615
Sum: 0.6716415882110596
BuildTime: 210.30898427963257
AllTime: 210.98062586784363
Percentage: 0.32
