CalculatingTime: 0.3833904266357422
OrderingTime: 0.0001952648162841797
Sum: 0.38358569145202637
BuildTime: 86.44847679138184
AllTime: 86.83206248283386
Percentage: 0.44
