CalculatingTime: 0.3237955570220947
OrderingTime: 0.43364977836608887
Sum: 0.7574453353881836
BuildTime: 148.20982718467712
AllTime: 148.9672725200653
Percentage: 0.51
