CalculatingTime: 0.21695685386657715
OrderingTime: 0.7108619213104248
Sum: 0.927818775177002
BuildTime: 114.58992147445679
AllTime: 115.51774024963379
Percentage: 0.8
