CommandTime: 1.9840312004089355
AnalysisTime: 0.015832901000976562
CalculatingTime: 0.361177921295166
OrderingTime: 1.942678689956665
Sum: 4.303720712661743
BuildTime: 87.9769184589386
AllTime: 92.28063917160034
Percentage: 4.66
