CalculatingTime: 0.323732852935791
OrderingTime: 0.1954030990600586
Sum: 0.5191359519958496
BuildTime: 268.4585199356079
AllTime: 268.97765588760376
Percentage: 0.19
