CalculatingTime: 0.18891406059265137
OrderingTime: 1.0753836631774902
Sum: 1.2642977237701416
BuildTime: 145.08393001556396
AllTime: 146.3482277393341
Percentage: 0.86
