CommandTime: 1.5990855693817139
AnalysisTime: 0.015361547470092773
CalculatingTime: 0.863778829574585
OrderingTime: 0.0399167537689209
Sum: 2.5181427001953125
BuildTime: 877.565677245458
AllTime: 880.0838199456533
Percentage: 0.29
