CommandTime: 1.1345746517181396
AnalysisTime: 0.011704683303833008
CalculatingTime: 0.6778130531311035
OrderingTime: 0.09168577194213867
Sum: 1.9157781600952148
BuildTime: 527.5533511638641
AllTime: 529.4691293239594
Percentage: 0.36
