CalculatingTime: 0.17490911483764648
OrderingTime: 0.01299285888671875
Sum: 0.18790197372436523
BuildTime: 671.5296234289805
AllTime: 671.7175254027048
Percentage: 0.03
