CommandTime: 0.9867610931396484
AnalysisTime: 0.00965571403503418
CalculatingTime: 0.6183173656463623
OrderingTime: 0.10913634300231934
Sum: 1.7238705158233643
BuildTime: 545.4286705652872
AllTime: 547.1525410811106
Percentage: 0.32
