CalculatingTime: 0.17175793647766113
OrderingTime: 0.011405706405639648
Sum: 0.18316364288330078
BuildTime: 710.668756643931
AllTime: 710.8519202868143
Percentage: 0.03
