CalculatingTime: 0.1506025791168213
OrderingTime: 0.01037144660949707
Sum: 0.16097402572631836
BuildTime: 598.4159753322601
AllTime: 598.5769493579865
Percentage: 0.03
