CalculatingTime: 0.19003748893737793
OrderingTime: 0.012582778930664062
Sum: 0.202620267868042
BuildTime: 766.7012143135071
AllTime: 766.9038345813751
Percentage: 0.03
