CalculatingTime: 0.22702598571777344
OrderingTime: 0.014235496520996094
Sum: 0.24126148223876953
BuildTime: 992.9883143107096
AllTime: 993.2295757929484
Percentage: 0.02
