CalculatingTime: 0.14544010162353516
OrderingTime: 0.00977015495300293
Sum: 0.15521025657653809
BuildTime: 471.0509150822957
AllTime: 471.20612533887225
Percentage: 0.03
