CommandTime: 1.1021978855133057
AnalysisTime: 0.011205673217773438
CalculatingTime: 0.6516678333282471
OrderingTime: 0.10550427436828613
Sum: 1.8705756664276123
BuildTime: 574.2198048432668
AllTime: 576.0903805096945
Percentage: 0.32
