CalculatingTime: 0.2669696807861328
OrderingTime: 0.015957117080688477
Sum: 0.2829267978668213
BuildTime: 1349.1950519879658
AllTime: 1349.4779787858326
Percentage: 0.02
