CalculatingTime: 0.15530657768249512
OrderingTime: 0.010174989700317383
Sum: 0.1654815673828125
BuildTime: 501.80441729227704
AllTime: 501.96989885965985
Percentage: 0.03
