CalculatingTime: 0.14760780334472656
OrderingTime: 0.009619951248168945
Sum: 0.1572277545928955
BuildTime: 488.36868143081665
AllTime: 488.52590918540955
Percentage: 0.03
