CommandTime: 1.4769833087921143
AnalysisTime: 0.014447927474975586
CalculatingTime: 0.8601112365722656
OrderingTime: 0.23014450073242188
Sum: 2.5816869735717773
BuildTime: 771.0096085866293
AllTime: 773.591295560201
Percentage: 0.33
