CalculatingTime: 0.19707846641540527
OrderingTime: 0.012929677963256836
Sum: 0.2100081443786621
BuildTime: 782.6200087865194
AllTime: 782.8300169308981
Percentage: 0.03
