CalculatingTime: 0.19572758674621582
OrderingTime: 0.012626409530639648
Sum: 0.20835399627685547
BuildTime: 657.8812104066213
AllTime: 658.0895644028982
Percentage: 0.03
