CalculatingTime: 0.14088225364685059
OrderingTime: 0.009633302688598633
Sum: 0.15051555633544922
BuildTime: 483.95779275894165
AllTime: 484.1083083152771
Percentage: 0.03
