CommandTime: 1.127880334854126
AnalysisTime: 0.011065006256103516
CalculatingTime: 0.6243176460266113
OrderingTime: 0.26935648918151855
Sum: 2.0326194763183594
BuildTime: 499.52151346206665
AllTime: 501.554132938385
Percentage: 0.41
