CalculatingTime: 0.14861488342285156
OrderingTime: 0.010062694549560547
Sum: 0.1586775779724121
BuildTime: 597.9192910989126
AllTime: 598.077968676885
Percentage: 0.03
