CommandTime: 1.6051414012908936
AnalysisTime: 0.015329122543334961
CalculatingTime: 0.8218786716461182
OrderingTime: 0.29813432693481445
Sum: 2.740483522415161
BuildTime: 641.9443145593008
AllTime: 644.6847980817159
Percentage: 0.43
