CalculatingTime: 0.15197491645812988
OrderingTime: 0.010295629501342773
Sum: 0.16227054595947266
BuildTime: 571.6843531131744
AllTime: 571.8466236591339
Percentage: 0.03
