CalculatingTime: 0.19191503524780273
OrderingTime: 0.013566970825195312
Sum: 0.20548200607299805
BuildTime: 771.1273390452067
AllTime: 771.3328210512797
Percentage: 0.03
