CommandTime: 1.340641736984253
AnalysisTime: 0.014237403869628906
CalculatingTime: 0.7757205963134766
OrderingTime: 0.15195465087890625
Sum: 2.2825543880462646
BuildTime: 747.0935808817545
AllTime: 749.3761352698008
Percentage: 0.3
