CommandTime: 1.9402492046356201
AnalysisTime: 0.01713085174560547
CalculatingTime: 0.9830684661865234
OrderingTime: 0.22186923027038574
Sum: 3.1623177528381348
BuildTime: 837.5658718744913
AllTime: 840.7281896273295
Percentage: 0.38
