CalculatingTime: 0.17012715339660645
OrderingTime: 0.011489391326904297
Sum: 0.18161654472351074
BuildTime: 701.9103637536367
AllTime: 702.0919802983602
Percentage: 0.03
