CalculatingTime: 0.18245410919189453
OrderingTime: 0.012157917022705078
Sum: 0.1946120262145996
BuildTime: 706.3463428815206
AllTime: 706.5409549077352
Percentage: 0.03
