CommandTime: 0.8713593482971191
AnalysisTime: 0.009289741516113281
CalculatingTime: 0.5192229747772217
OrderingTime: 0.1567988395690918
Sum: 1.556670904159546
BuildTime: 322.59051020940143
AllTime: 324.147181113561
Percentage: 0.48
