CommandTime: 0.8872232437133789
AnalysisTime: 0.009917974472045898
CalculatingTime: 0.562739372253418
OrderingTime: 0.1085822582244873
Sum: 1.56846284866333
BuildTime: 353.89920075734454
AllTime: 355.4676636060079
Percentage: 0.44
