CalculatingTime: 0.20418858528137207
OrderingTime: 0.01355290412902832
Sum: 0.2177414894104004
BuildTime: 908.558175166448
AllTime: 908.7759166558584
Percentage: 0.02
