CalculatingTime: 0.17121505737304688
OrderingTime: 0.011075735092163086
Sum: 0.18229079246520996
BuildTime: 557.9392561912537
AllTime: 558.1215469837189
Percentage: 0.03
