CommandTime: 1.3293101787567139
AnalysisTime: 0.012369155883789062
CalculatingTime: 0.7208249568939209
OrderingTime: 0.17826128005981445
Sum: 2.2407655715942383
BuildTime: 747.1350611845652
AllTime: 749.3758267561594
Percentage: 0.3
