CalculatingTime: 0.18383049964904785
OrderingTime: 0.01054239273071289
Sum: 0.19437289237976074
BuildTime: 612.7103463808695
AllTime: 612.9047192732493
Percentage: 0.03
