CommandTime: 1.1398062705993652
AnalysisTime: 0.012339353561401367
CalculatingTime: 0.7057545185089111
OrderingTime: 0.08023810386657715
Sum: 1.9381382465362549
BuildTime: 673.2768240769705
AllTime: 675.2149623235067
Percentage: 0.29
