CommandTime: 0.9946367740631104
AnalysisTime: 0.009879589080810547
CalculatingTime: 0.6255369186401367
OrderingTime: 0.5723991394042969
Sum: 2.2024524211883545
BuildTime: 545.5702955722809
AllTime: 547.7727479934692
Percentage: 0.4
