CommandTime: 1.0097520351409912
AnalysisTime: 0.01059412956237793
CalculatingTime: 0.6116721630096436
OrderingTime: 0.2940347194671631
Sum: 1.9260530471801758
BuildTime: 448.513197183609
AllTime: 450.4392502307892
Percentage: 0.43
