CommandTime: 1.8546373844146729
AnalysisTime: 0.018512964248657227
CalculatingTime: 1.018462896347046
OrderingTime: 0.1722567081451416
Sum: 3.0638699531555176
BuildTime: 977.7404510974884
AllTime: 980.8043210506439
Percentage: 0.31
