CalculatingTime: 0.17194366455078125
OrderingTime: 0.01111459732055664
Sum: 0.1830582618713379
BuildTime: 709.3536060651144
AllTime: 709.5366643269857
Percentage: 0.03
