CalculatingTime: 0.2161235809326172
OrderingTime: 0.013450860977172852
Sum: 0.22957444190979004
BuildTime: 897.189100821813
AllTime: 897.4186752637228
Percentage: 0.03
