CalculatingTime: 0.18230080604553223
OrderingTime: 0.011821985244750977
Sum: 0.1941227912902832
BuildTime: 770.0496736367544
AllTime: 770.2437964280447
Percentage: 0.03
