CommandTime: 2.144827365875244
AnalysisTime: 0.021041154861450195
CalculatingTime: 1.0265147686004639
OrderingTime: 0.0630044937133789
Sum: 3.255387783050537
BuildTime: 980.9075496991476
AllTime: 984.1629374821981
Percentage: 0.33
