CalculatingTime: 0.1785717010498047
OrderingTime: 0.011937618255615234
Sum: 0.19050931930541992
BuildTime: 748.9006468454996
AllTime: 749.091156164805
Percentage: 0.03
