CommandTime: 1.2245419025421143
AnalysisTime: 0.013062715530395508
CalculatingTime: 0.7420356273651123
OrderingTime: 0.18357563018798828
Sum: 2.1632158756256104
BuildTime: 684.1771728992462
AllTime: 686.3403887748718
Percentage: 0.32
