CalculatingTime: 0.20844149589538574
OrderingTime: 0.013081789016723633
Sum: 0.22152328491210938
BuildTime: 741.2151870727539
AllTime: 741.436710357666
Percentage: 0.03
