CalculatingTime: 0.1479964256286621
OrderingTime: 0.00964808464050293
Sum: 0.15764451026916504
BuildTime: 376.9495021502177
AllTime: 377.1071466604869
Percentage: 0.04
