CommandTime: 0.9912385940551758
AnalysisTime: 0.010517597198486328
CalculatingTime: 0.6655213832855225
OrderingTime: 0.06302213668823242
Sum: 1.730299711227417
BuildTime: 580.2551387945811
AllTime: 581.9854385058085
Percentage: 0.3
