CommandTime: 0.803307056427002
AnalysisTime: 0.00953364372253418
CalculatingTime: 0.5463743209838867
OrderingTime: 0.05401754379272461
Sum: 1.4132325649261475
BuildTime: 450.8763903776805
AllTime: 452.2896229426066
Percentage: 0.31
