CalculatingTime: 0.181382417678833
OrderingTime: 0.01174783706665039
Sum: 0.1931302547454834
BuildTime: 794.157737493515
AllTime: 794.3508677482605
Percentage: 0.02
