CalculatingTime: 0.17037200927734375
OrderingTime: 0.011841535568237305
Sum: 0.18221354484558105
BuildTime: 572.8170433839163
AllTime: 572.9992569287618
Percentage: 0.03
