CommandTime: 1.6645803451538086
AnalysisTime: 0.016082286834716797
CalculatingTime: 0.8999648094177246
OrderingTime: 0.18060636520385742
Sum: 2.7612338066101074
BuildTime: 720.9887674649557
AllTime: 723.7500012715658
Percentage: 0.38
