CommandTime: 1.4463648796081543
AnalysisTime: 0.014409542083740234
CalculatingTime: 0.8161165714263916
OrderingTime: 0.22433805465698242
Sum: 2.5012290477752686
BuildTime: 641.1640004316965
AllTime: 643.6652294794718
Percentage: 0.39
