CommandTime: 1.4475209712982178
AnalysisTime: 0.015217065811157227
CalculatingTime: 0.8566203117370605
OrderingTime: 0.18848633766174316
Sum: 2.5078446865081787
BuildTime: 728.594883521398
AllTime: 731.1027282079061
Percentage: 0.34
