CommandTime: 1.5253021717071533
AnalysisTime: 0.013826370239257812
CalculatingTime: 0.7917344570159912
OrderingTime: 0.24246883392333984
Sum: 2.573331832885742
BuildTime: 764.4687051773071
AllTime: 767.0420370101929
Percentage: 0.34
