CommandTime: 0.9092323780059814
AnalysisTime: 0.009808540344238281
CalculatingTime: 0.5522291660308838
OrderingTime: 0.046237945556640625
Sum: 1.5175080299377441
BuildTime: 441.62703291575116
AllTime: 443.1445409456889
Percentage: 0.34
