CalculatingTime: 0.15704798698425293
OrderingTime: 0.010789155960083008
Sum: 0.16783714294433594
BuildTime: 596.5547042687734
AllTime: 596.7225414117178
Percentage: 0.03
