CommandTime: 1.0022575855255127
AnalysisTime: 0.010357141494750977
CalculatingTime: 0.5815110206604004
OrderingTime: 0.3479640483856201
Sum: 1.9420897960662842
BuildTime: 357.31553649902344
AllTime: 359.2576262950897
Percentage: 0.54
