CalculatingTime: 0.16295456886291504
OrderingTime: 0.010709762573242188
Sum: 0.17366433143615723
BuildTime: 574.471518278122
AllTime: 574.6451826095581
Percentage: 0.03
