CommandTime: 1.636819839477539
AnalysisTime: 0.015606164932250977
CalculatingTime: 0.8454728126525879
OrderingTime: 0.08555889129638672
Sum: 2.5834577083587646
BuildTime: 763.7617547512054
AllTime: 766.3452124595642
Percentage: 0.34
