CommandTime: 1.2109596729278564
AnalysisTime: 0.013435125350952148
CalculatingTime: 0.782649040222168
OrderingTime: 0.36223363876342773
Sum: 2.3692774772644043
BuildTime: 770.0809468428293
AllTime: 772.4502243200938
Percentage: 0.31
