CommandTime: 1.0121068954467773
AnalysisTime: 0.01036834716796875
CalculatingTime: 0.5968124866485596
OrderingTime: 0.07217621803283691
Sum: 1.6914639472961426
BuildTime: 574.3186623255411
AllTime: 576.0101262728373
Percentage: 0.29
