CommandTime: 1.120079517364502
AnalysisTime: 0.01212310791015625
CalculatingTime: 0.7171990871429443
OrderingTime: 0.16179370880126953
Sum: 2.011195421218872
BuildTime: 641.8995970884959
AllTime: 643.9107925097147
Percentage: 0.31
