CalculatingTime: 0.19960641860961914
OrderingTime: 0.013087034225463867
Sum: 0.212693452835083
BuildTime: 892.8481593132019
AllTime: 893.060852766037
Percentage: 0.02
