CommandTime: 1.1622381210327148
AnalysisTime: 0.011810064315795898
CalculatingTime: 0.621060848236084
OrderingTime: 0.3100011348724365
Sum: 2.1051101684570312
BuildTime: 476.89406673113507
AllTime: 478.9991768995921
Percentage: 0.44
