CommandTime: 1.1413359642028809
AnalysisTime: 0.011810064315795898
CalculatingTime: 0.6638543605804443
OrderingTime: 0.13407683372497559
Sum: 1.9510772228240967
BuildTime: 562.1240512530009
AllTime: 564.075128475825
Percentage: 0.35
