CalculatingTime: 0.23675918579101562
OrderingTime: 0.014608383178710938
Sum: 0.25136756896972656
BuildTime: 1122.6985744635265
AllTime: 1122.9499420324962
Percentage: 0.02
