CalculatingTime: 0.35281920433044434
OrderingTime: 0.01687479019165039
Sum: 0.3696939945220947
BuildTime: 187.86589694023132
AllTime: 188.23559093475342
Percentage: 0.2
