CalculatingTime: 0.39037632942199707
OrderingTime: 0.019887685775756836
Sum: 0.4102640151977539
BuildTime: 200.3846297264099
AllTime: 200.79489374160767
Percentage: 0.2
