CalculatingTime: 0.3313615322113037
OrderingTime: 0.02016162872314453
Sum: 0.35152316093444824
BuildTime: 138.44998470942178
AllTime: 138.80150787035623
Percentage: 0.25
