CommandTime: 1.5760316848754883
AnalysisTime: 0.019965410232543945
CalculatingTime: 0.6402027606964111
OrderingTime: 0.8013515472412109
Sum: 3.0375514030456543
BuildTime: 112.93055740992229
AllTime: 115.96810881296794
Percentage: 2.62
