CommandTime: 1.5777087211608887
AnalysisTime: 0.02078557014465332
CalculatingTime: 0.6025516986846924
OrderingTime: 0.42917537689208984
Sum: 2.630221366882324
BuildTime: 142.60095111529031
AllTime: 145.23117248217264
Percentage: 1.81
