CalculatingTime: 0.3690793514251709
OrderingTime: 0.019026756286621094
Sum: 0.388106107711792
BuildTime: 185.77895180384317
AllTime: 186.16705791155496
Percentage: 0.21
