CommandTime: 1.6802783012390137
AnalysisTime: 0.019542217254638672
CalculatingTime: 0.6227583885192871
OrderingTime: 0.606348991394043
Sum: 2.9289278984069824
BuildTime: 174.6675398349762
AllTime: 177.59646773338318
Percentage: 1.65
