CommandTime: 1.6308209896087646
AnalysisTime: 0.021854639053344727
CalculatingTime: 0.6125826835632324
OrderingTime: 0.0866842269897461
Sum: 2.351942539215088
BuildTime: 148.45073699951172
AllTime: 150.8026795387268
Percentage: 1.56
