CommandTime: 1.6893432140350342
AnalysisTime: 0.020997047424316406
CalculatingTime: 0.645920991897583
OrderingTime: 0.37752628326416016
Sum: 2.7337875366210938
BuildTime: 125.9658047358195
AllTime: 128.6995922724406
Percentage: 2.12
