CommandTime: 1.6636097431182861
AnalysisTime: 0.02108144760131836
CalculatingTime: 0.6286783218383789
OrderingTime: 0.17124176025390625
Sum: 2.4846112728118896
BuildTime: 126.97601222991943
AllTime: 129.46062350273132
Percentage: 1.92
