CalculatingTime: 0.36762118339538574
OrderingTime: 0.019771814346313477
Sum: 0.3873929977416992
BuildTime: 203.3306139310201
AllTime: 203.7180069287618
Percentage: 0.19
