CalculatingTime: 0.3980374336242676
OrderingTime: 0.02019810676574707
Sum: 0.41823554039001465
BuildTime: 181.69808848698935
AllTime: 182.11632402737936
Percentage: 0.23
