CalculatingTime: 0.33808231353759766
OrderingTime: 0.01726055145263672
Sum: 0.3553428649902344
BuildTime: 182.83913731575012
AllTime: 183.19448018074036
Percentage: 0.19
