CommandTime: 1.6880404949188232
AnalysisTime: 0.021132946014404297
CalculatingTime: 0.6796877384185791
OrderingTime: 0.10432863235473633
Sum: 2.493189811706543
BuildTime: 121.89348530769348
AllTime: 124.38667511940002
Percentage: 2.0
