CalculatingTime: 0.36824941635131836
OrderingTime: 0.0209500789642334
Sum: 0.38919949531555176
BuildTime: 161.48745473225912
AllTime: 161.87665422757468
Percentage: 0.24
