CommandTime: 1.536167860031128
AnalysisTime: 0.019817113876342773
CalculatingTime: 0.6241438388824463
OrderingTime: 0.17879533767700195
Sum: 2.358924150466919
BuildTime: 126.85090597470601
AllTime: 129.2098301251729
Percentage: 1.83
