CommandTime: 1.6305820941925049
AnalysisTime: 0.02042245864868164
CalculatingTime: 0.6192491054534912
OrderingTime: 0.18266510963439941
Sum: 2.452918767929077
BuildTime: 150.06437293688455
AllTime: 152.51729170481363
Percentage: 1.61
