CommandTime: 1.5437846183776855
AnalysisTime: 0.019174814224243164
CalculatingTime: 0.6407418251037598
OrderingTime: 0.4072425365447998
Sum: 2.6109437942504883
BuildTime: 143.9096478621165
AllTime: 146.52059165636697
Percentage: 1.78
