CommandTime: 1.6499834060668945
AnalysisTime: 0.01879405975341797
CalculatingTime: 0.6002931594848633
OrderingTime: 0.12392330169677734
Sum: 2.392993927001953
BuildTime: 132.15730945269266
AllTime: 134.5503033796946
Percentage: 1.78
