CalculatingTime: 0.31883835792541504
OrderingTime: 0.013666391372680664
Sum: 0.3325047492980957
BuildTime: 139.55135226249695
AllTime: 139.88385701179504
Percentage: 0.24
