CalculatingTime: 0.3818089962005615
OrderingTime: 0.018430471420288086
Sum: 0.4002394676208496
BuildTime: 147.78833357493082
AllTime: 148.18857304255167
Percentage: 0.27
