CommandTime: 1.550900936126709
AnalysisTime: 0.020527362823486328
CalculatingTime: 0.6221826076507568
OrderingTime: 0.3382270336151123
Sum: 2.5318379402160645
BuildTime: 157.29795440038046
AllTime: 159.82979234059653
Percentage: 1.58
