CalculatingTime: 0.34207606315612793
OrderingTime: 0.0185701847076416
Sum: 0.36064624786376953
BuildTime: 206.84485960006714
AllTime: 207.2055058479309
Percentage: 0.17
