CommandTime: 1.597273588180542
AnalysisTime: 0.018697500228881836
CalculatingTime: 0.6309738159179688
OrderingTime: 0.34649181365966797
Sum: 2.5934367179870605
BuildTime: 142.0807429154714
AllTime: 144.67417963345846
Percentage: 1.79
