CalculatingTime: 0.37415289878845215
OrderingTime: 0.019398212432861328
Sum: 0.3935511112213135
BuildTime: 185.6147652467092
AllTime: 186.0083163579305
Percentage: 0.21
