CommandTime: 1.6360867023468018
AnalysisTime: 0.020058870315551758
CalculatingTime: 0.6091532707214355
OrderingTime: 0.3255460262298584
Sum: 2.5908448696136475
BuildTime: 154.43406637509665
AllTime: 157.0249112447103
Percentage: 1.65
