CommandTime: 1.527052402496338
AnalysisTime: 0.019609689712524414
CalculatingTime: 0.6163468360900879
OrderingTime: 0.470644474029541
Sum: 2.633653402328491
BuildTime: 120.58105444908142
AllTime: 123.21470785140991
Percentage: 2.14
