CommandTime: 1.6036698818206787
AnalysisTime: 0.019629478454589844
CalculatingTime: 0.6149804592132568
OrderingTime: 0.17800021171569824
Sum: 2.4162800312042236
BuildTime: 143.1251493295034
AllTime: 145.5414293607076
Percentage: 1.66
