CommandTime: 1.6801331043243408
AnalysisTime: 0.019757986068725586
CalculatingTime: 0.6802895069122314
OrderingTime: 0.08831191062927246
Sum: 2.4684925079345703
BuildTime: 120.44391775131226
AllTime: 122.91241025924683
Percentage: 2.01
