CalculatingTime: 0.33141589164733887
OrderingTime: 0.018990039825439453
Sum: 0.3504059314727783
BuildTime: 176.70615410804749
AllTime: 177.05656003952026
Percentage: 0.2
