CommandTime: 1.6351003646850586
AnalysisTime: 0.020197391510009766
CalculatingTime: 0.6054675579071045
OrderingTime: 0.3417978286743164
Sum: 2.6025631427764893
BuildTime: 129.7720353603363
AllTime: 132.3745985031128
Percentage: 1.97
