CommandTime: 1.5798957347869873
AnalysisTime: 0.021480560302734375
CalculatingTime: 0.6556034088134766
OrderingTime: 0.2407970428466797
Sum: 2.497776746749878
BuildTime: 112.79064774513245
AllTime: 115.28842449188232
Percentage: 2.17
