CalculatingTime: 0.3834037780761719
OrderingTime: 0.02007007598876953
Sum: 0.4034738540649414
BuildTime: 150.51143018404642
AllTime: 150.91490403811136
Percentage: 0.27
