CommandTime: 1.660839557647705
AnalysisTime: 0.020671367645263672
CalculatingTime: 0.6320931911468506
OrderingTime: 0.7973635196685791
Sum: 3.1109676361083984
BuildTime: 155.21554390589395
AllTime: 158.32651154200235
Percentage: 1.96
