CalculatingTime: 0.3589346408843994
OrderingTime: 0.019539356231689453
Sum: 0.37847399711608887
BuildTime: 201.66914264361063
AllTime: 202.04761664072672
Percentage: 0.19
