CalculatingTime: 0.35074663162231445
OrderingTime: 0.016259431838989258
Sum: 0.3670060634613037
BuildTime: 191.36638005574545
AllTime: 191.73338611920676
Percentage: 0.19
