CalculatingTime: 0.32054686546325684
OrderingTime: 0.018718719482421875
Sum: 0.3392655849456787
BuildTime: 166.86681858698526
AllTime: 167.20608417193094
Percentage: 0.2
