CalculatingTime: 0.3386199474334717
OrderingTime: 0.017971038818359375
Sum: 0.35659098625183105
BuildTime: 172.4967220624288
AllTime: 172.85331304868063
Percentage: 0.21
