CommandTime: 1.6274781227111816
AnalysisTime: 0.019427061080932617
CalculatingTime: 0.6196110248565674
OrderingTime: 0.07343482971191406
Sum: 2.3399510383605957
BuildTime: 146.2781836191813
AllTime: 148.6181346575419
Percentage: 1.57
