CommandTime: 1.7444133758544922
AnalysisTime: 0.01891803741455078
CalculatingTime: 0.6090800762176514
OrderingTime: 0.5979669094085693
Sum: 2.9703783988952637
BuildTime: 162.10907371838888
AllTime: 165.07945211728415
Percentage: 1.8
