CommandTime: 1.7763476371765137
AnalysisTime: 0.021295547485351562
CalculatingTime: 0.6440680027008057
OrderingTime: 0.6778569221496582
Sum: 3.119568109512329
BuildTime: 162.11646755536398
AllTime: 165.2360356648763
Percentage: 1.89
