CalculatingTime: 0.32245635986328125
OrderingTime: 0.01761770248413086
Sum: 0.3400740623474121
BuildTime: 206.55158297220865
AllTime: 206.89165703455606
Percentage: 0.16
