CommandTime: 1.7057576179504395
AnalysisTime: 0.02003192901611328
CalculatingTime: 0.6163730621337891
OrderingTime: 0.4821786880493164
Sum: 2.824341297149658
BuildTime: 137.5443373521169
AllTime: 140.36867864926657
Percentage: 2.01
