CommandTime: 1.5481643676757812
AnalysisTime: 0.020046234130859375
CalculatingTime: 0.6313858032226562
OrderingTime: 0.1943650245666504
Sum: 2.3939614295959473
BuildTime: 132.0057647228241
AllTime: 134.39972615242004
Percentage: 1.78
