CalculatingTime: 0.32335829734802246
OrderingTime: 0.018865346908569336
Sum: 0.3422236442565918
BuildTime: 178.88688762982687
AllTime: 179.22911127408346
Percentage: 0.19
