CalculatingTime: 0.36135363578796387
OrderingTime: 0.019374370574951172
Sum: 0.38072800636291504
BuildTime: 179.56974832216898
AllTime: 179.9504763285319
Percentage: 0.21
