CalculatingTime: 0.3497889041900635
OrderingTime: 0.01861095428466797
Sum: 0.36839985847473145
BuildTime: 185.41157309214273
AllTime: 185.77997295061746
Percentage: 0.2
