CommandTime: 1.5931577682495117
AnalysisTime: 0.019289255142211914
CalculatingTime: 0.6413559913635254
OrderingTime: 0.6249611377716064
Sum: 2.8787641525268555
BuildTime: 115.73433256149292
AllTime: 118.61309671401978
Percentage: 2.43
