CalculatingTime: 0.35903501510620117
OrderingTime: 0.01981043815612793
Sum: 0.3788454532623291
BuildTime: 202.69683647155762
AllTime: 203.07568192481995
Percentage: 0.19
