CommandTime: 1.7076747417449951
AnalysisTime: 0.019727706909179688
CalculatingTime: 0.6396310329437256
OrderingTime: 0.1702890396118164
Sum: 2.537322521209717
BuildTime: 147.6314216454824
AllTime: 150.1687441666921
Percentage: 1.69
