CommandTime: 1.6664459705352783
AnalysisTime: 0.020514249801635742
CalculatingTime: 0.6148498058319092
OrderingTime: 0.29466962814331055
Sum: 2.596479654312134
BuildTime: 132.80585066477457
AllTime: 135.4023303190867
Percentage: 1.92
