CalculatingTime: 0.3327641487121582
OrderingTime: 0.018361330032348633
Sum: 0.35112547874450684
BuildTime: 140.8137985865275
AllTime: 141.164924065272
Percentage: 0.25
