CalculatingTime: 0.35043978691101074
OrderingTime: 0.01897907257080078
Sum: 0.3694188594818115
BuildTime: 158.5470298131307
AllTime: 158.91644867261252
Percentage: 0.23
