CommandTime: 1.5114781856536865
AnalysisTime: 0.020698070526123047
CalculatingTime: 0.576425313949585
OrderingTime: 0.5634872913360596
Sum: 2.672088861465454
BuildTime: 99.45085922876994
AllTime: 102.1229480902354
Percentage: 2.62
