CalculatingTime: 0.38340234756469727
OrderingTime: 0.019767045974731445
Sum: 0.4031693935394287
BuildTime: 149.63103771209717
AllTime: 150.0342071056366
Percentage: 0.27
