CalculatingTime: 0.3439161777496338
OrderingTime: 0.012359142303466797
Sum: 0.3562753200531006
BuildTime: 186.30595421791077
AllTime: 186.66222953796387
Percentage: 0.19
