CalculatingTime: 0.3318517208099365
OrderingTime: 0.01479196548461914
Sum: 0.34664368629455566
BuildTime: 197.57451375325522
AllTime: 197.92115743954977
Percentage: 0.18
