CalculatingTime: 0.38094162940979004
OrderingTime: 0.018671035766601562
Sum: 0.3996126651763916
BuildTime: 186.28579624493918
AllTime: 186.68540891011557
Percentage: 0.21
