CommandTime: 1.7072465419769287
AnalysisTime: 0.019734859466552734
CalculatingTime: 0.6061391830444336
OrderingTime: 0.6317248344421387
Sum: 2.9648454189300537
BuildTime: 138.9902776082357
AllTime: 141.95512302716574
Percentage: 2.09
