CalculatingTime: 0.3440887928009033
OrderingTime: 0.019216060638427734
Sum: 0.36330485343933105
BuildTime: 162.47319960594177
AllTime: 162.8365044593811
Percentage: 0.22
