CommandTime: 1.0386545658111572
AnalysisTime: 0.04674220085144043
CalculatingTime: 1.9617388248443604
OrderingTime: 0.10891485214233398
Sum: 3.156050443649292
BuildTime: 3470.8222345511117
AllTime: 3473.978284994761
Percentage: 0.09
