CommandTime: 1.3023805618286133
AnalysisTime: 0.04970216751098633
CalculatingTime: 1.8801109790802002
OrderingTime: 0.1416923999786377
Sum: 3.3738861083984375
BuildTime: 2732.1300870577493
AllTime: 2735.5039731661477
Percentage: 0.12
