CommandTime: 1.2648086547851562
AnalysisTime: 0.04919028282165527
CalculatingTime: 1.9196069240570068
OrderingTime: 0.16120338439941406
Sum: 3.3948092460632324
BuildTime: 3069.5610133012137
AllTime: 3072.955822547277
Percentage: 0.11
