CommandTime: 1.2994112968444824
AnalysisTime: 0.048043012619018555
CalculatingTime: 1.8777689933776855
OrderingTime: 0.13681387901306152
Sum: 3.362037181854248
BuildTime: 2718.2054262161255
AllTime: 2721.5674633979797
Percentage: 0.12
