CalculatingTime: 1.2864434719085693
OrderingTime: 0.06287479400634766
Sum: 1.349318265914917
BuildTime: 3281.6279005209603
AllTime: 3282.9772187868753
Percentage: 0.04
