CommandTime: 1.2426488399505615
AnalysisTime: 0.049916982650756836
CalculatingTime: 1.776237964630127
OrderingTime: 0.2423725128173828
Sum: 3.311176300048828
BuildTime: 3082.67852695783
AllTime: 3085.989703257879
Percentage: 0.11
