CalculatingTime: 1.2987475395202637
OrderingTime: 0.061504364013671875
Sum: 1.3602519035339355
BuildTime: 3641.3927630583444
AllTime: 3642.7530149618783
Percentage: 0.04
