CalculatingTime: 1.27838134765625
OrderingTime: 0.05950593948364258
Sum: 1.3378872871398926
BuildTime: 3436.35458389918
AllTime: 3437.69247118632
Percentage: 0.04
