CalculatingTime: 1.312351942062378
OrderingTime: 0.059119462966918945
Sum: 1.3714714050292969
BuildTime: 3443.1166939735413
AllTime: 3444.4881653785706
Percentage: 0.04
