CommandTime: 1.3256285190582275
AnalysisTime: 0.049588918685913086
CalculatingTime: 1.8407196998596191
OrderingTime: 0.1531226634979248
Sum: 3.3690598011016846
BuildTime: 3276.306079785029
AllTime: 3279.6751395861306
Percentage: 0.1
