CommandTime: 1.0760083198547363
AnalysisTime: 0.04792618751525879
CalculatingTime: 1.8369853496551514
OrderingTime: 0.175584077835083
Sum: 3.1365039348602295
BuildTime: 3462.7654089927673
AllTime: 3465.9019129276276
Percentage: 0.09
