CalculatingTime: 1.318660020828247
OrderingTime: 0.0611264705657959
Sum: 1.379786491394043
BuildTime: 3624.211543639501
AllTime: 3625.591330130895
Percentage: 0.04
