CommandTime: 1.2783100605010986
AnalysisTime: 0.050231218338012695
CalculatingTime: 1.8281192779541016
OrderingTime: 0.11485695838928223
Sum: 3.271517515182495
BuildTime: 3084.0329314867654
AllTime: 3087.304449001948
Percentage: 0.11
