CalculatingTime: 1.293940782546997
OrderingTime: 0.06240272521972656
Sum: 1.3563435077667236
BuildTime: 3286.3417829672494
AllTime: 3287.698126475016
Percentage: 0.04
