CalculatingTime: 1.3247437477111816
OrderingTime: 0.07185745239257812
Sum: 1.3966012001037598
BuildTime: 3270.222894668579
AllTime: 3271.619495868683
Percentage: 0.04
