CommandTime: 1.3278086185455322
AnalysisTime: 0.04934859275817871
CalculatingTime: 2.129507541656494
OrderingTime: 0.24750995635986328
Sum: 3.7541747093200684
BuildTime: 2712.0332675774894
AllTime: 2715.7874422868094
Percentage: 0.14
