CalculatingTime: 1.5127017498016357
OrderingTime: 0.06549978256225586
Sum: 1.5782015323638916
BuildTime: 3095.3861614863076
AllTime: 3096.9643630186715
Percentage: 0.05
