CommandTime: 1.0172512531280518
AnalysisTime: 0.0450437068939209
CalculatingTime: 1.8894679546356201
OrderingTime: 0.15013360977172852
Sum: 3.1018965244293213
BuildTime: 2729.16131345431
AllTime: 2732.2632099787393
Percentage: 0.11
