CommandTime: 1.3672027587890625
AnalysisTime: 0.04799938201904297
CalculatingTime: 1.9914848804473877
OrderingTime: 0.18659257888793945
Sum: 3.5932796001434326
BuildTime: 3258.8823586304984
AllTime: 3262.475638230642
Percentage: 0.11
