CalculatingTime: 1.4498324394226074
OrderingTime: 0.0605161190032959
Sum: 1.5103485584259033
BuildTime: 3613.7106250921884
AllTime: 3615.2209736506143
Percentage: 0.04
