CalculatingTime: 1.2640109062194824
OrderingTime: 0.05712437629699707
Sum: 1.3211352825164795
BuildTime: 2912.6763042608895
AllTime: 2913.997439543406
Percentage: 0.05
