CommandTime: 1.2202346324920654
AnalysisTime: 0.04911208152770996
CalculatingTime: 1.8856616020202637
OrderingTime: 0.1851058006286621
Sum: 3.340114116668701
BuildTime: 2735.4947975476584
AllTime: 2738.834911664327
Percentage: 0.12
