CommandTime: 1.0540132522583008
AnalysisTime: 0.04632449150085449
CalculatingTime: 1.8699233531951904
OrderingTime: 0.13478803634643555
Sum: 3.1050491333007812
BuildTime: 2907.0281970500946
AllTime: 2910.1332461833954
Percentage: 0.11
