CalculatingTime: 1.3271920680999756
OrderingTime: 0.0663602352142334
Sum: 1.393552303314209
BuildTime: 3455.292701880137
AllTime: 3456.686254183451
Percentage: 0.04
