CalculatingTime: 1.422455072402954
OrderingTime: 0.061398983001708984
Sum: 1.483854055404663
BuildTime: 3472.983148654302
AllTime: 3474.467002709707
Percentage: 0.04
