CalculatingTime: 1.2902283668518066
OrderingTime: 0.0731346607208252
Sum: 1.3633630275726318
BuildTime: 3102.921157836914
AllTime: 3104.2845208644867
Percentage: 0.04
