CommandTime: 1.255608081817627
AnalysisTime: 0.049688100814819336
CalculatingTime: 1.8677003383636475
OrderingTime: 0.19277548789978027
Sum: 3.365772008895874
BuildTime: 2904.504700024923
AllTime: 2907.8704720338187
Percentage: 0.12
