CalculatingTime: 1.2865478992462158
OrderingTime: 0.06773090362548828
Sum: 1.354278802871704
BuildTime: 2900.6408384641013
AllTime: 2901.995117266973
Percentage: 0.05
