CommandTime: 1.016387939453125
AnalysisTime: 0.045595407485961914
CalculatingTime: 1.9814186096191406
OrderingTime: 0.15340280532836914
Sum: 3.1968047618865967
BuildTime: 2915.4913235505423
AllTime: 2918.688128312429
Percentage: 0.11
