CommandTime: 1.0720205307006836
AnalysisTime: 0.04891085624694824
CalculatingTime: 1.883962631225586
OrderingTime: 0.12021660804748535
Sum: 3.125110626220703
BuildTime: 3465.280912955602
AllTime: 3468.406023581823
Percentage: 0.09
