CalculatingTime: 1.3078358173370361
OrderingTime: 0.059621334075927734
Sum: 1.3674571514129639
BuildTime: 3460.9454714457192
AllTime: 3462.312928597132
Percentage: 0.04
