CommandTime: 1.0576705932617188
AnalysisTime: 0.045053958892822266
CalculatingTime: 1.8754723072052002
OrderingTime: 0.2090132236480713
Sum: 3.1872100830078125
BuildTime: 3277.388865788778
AllTime: 3280.5760758717856
Percentage: 0.1
