CalculatingTime: 1.2722008228302002
OrderingTime: 0.0652308464050293
Sum: 1.3374316692352295
BuildTime: 3083.760416428248
AllTime: 3085.097848097483
Percentage: 0.04
