CommandTime: 1.2180664539337158
AnalysisTime: 0.04978775978088379
CalculatingTime: 1.8442676067352295
OrderingTime: 0.17241263389587402
Sum: 3.284534454345703
BuildTime: 3091.952183087667
AllTime: 3095.2367175420127
Percentage: 0.11
