CommandTime: 1.0645420551300049
AnalysisTime: 0.04970097541809082
CalculatingTime: 1.914168119430542
OrderingTime: 0.18540334701538086
Sum: 3.2138144969940186
BuildTime: 2921.361940383911
AllTime: 2924.575754880905
Percentage: 0.11
