CalculatingTime: 1.32112455368042
OrderingTime: 0.07808113098144531
Sum: 1.3992056846618652
BuildTime: 3290.2343842983246
AllTime: 3291.6335899829865
Percentage: 0.04
