CalculatingTime: 1.292057752609253
OrderingTime: 0.061080217361450195
Sum: 1.3531379699707031
BuildTime: 3440.292031208674
AllTime: 3441.6451691786447
Percentage: 0.04
