CommandTime: 1.0708510875701904
AnalysisTime: 0.04862093925476074
CalculatingTime: 1.859776496887207
OrderingTime: 0.14001870155334473
Sum: 3.119267225265503
BuildTime: 2930.8668443361917
AllTime: 2933.986111561457
Percentage: 0.11
