CalculatingTime: 1.319723129272461
OrderingTime: 0.06373763084411621
Sum: 1.3834607601165771
BuildTime: 3278.35485569636
AllTime: 3279.7383164564767
Percentage: 0.04
