CommandTime: 1.0117619037628174
AnalysisTime: 0.0455622673034668
CalculatingTime: 1.866135597229004
OrderingTime: 0.1755974292755127
Sum: 3.099057197570801
BuildTime: 3634.338258345922
AllTime: 3637.437315543493
Percentage: 0.09
