CommandTime: 1.0606586933135986
AnalysisTime: 0.0470585823059082
CalculatingTime: 1.9446220397949219
OrderingTime: 0.23352551460266113
Sum: 3.28586483001709
BuildTime: 2731.493284225464
AllTime: 2734.779149055481
Percentage: 0.12
