CommandTime: 1.0327503681182861
AnalysisTime: 0.04793262481689453
CalculatingTime: 1.9006457328796387
OrderingTime: 0.29068446159362793
Sum: 3.2720131874084473
BuildTime: 2909.4910526275635
AllTime: 2912.763065814972
Percentage: 0.11
