CalculatingTime: 1.2829172611236572
OrderingTime: 0.06547808647155762
Sum: 1.3483953475952148
BuildTime: 3458.517459154129
AllTime: 3459.8658545017242
Percentage: 0.04
