CalculatingTime: 1.2510783672332764
OrderingTime: 0.05860495567321777
Sum: 1.3096833229064941
BuildTime: 3632.2342137495675
AllTime: 3633.543897072474
Percentage: 0.04
