CommandTime: 1.0005912780761719
AnalysisTime: 0.04559755325317383
CalculatingTime: 1.9634113311767578
OrderingTime: 0.13846492767333984
Sum: 3.1480650901794434
BuildTime: 3088.55323044459
AllTime: 3091.7012955347695
Percentage: 0.1
