CommandTime: 1.3838040828704834
AnalysisTime: 0.05003213882446289
CalculatingTime: 1.9236829280853271
OrderingTime: 0.10593390464782715
Sum: 3.4634530544281006
BuildTime: 3096.754314184189
AllTime: 3100.217767238617
Percentage: 0.11
