CalculatingTime: 1.2941017150878906
OrderingTime: 0.0619356632232666
Sum: 1.3560373783111572
BuildTime: 3460.121964534124
AllTime: 3461.478001912435
Percentage: 0.04
