CalculatingTime: 1.2955608367919922
OrderingTime: 0.06038928031921387
Sum: 1.355950117111206
BuildTime: 3282.7502477169037
AllTime: 3284.106197834015
Percentage: 0.04
