CommandTime: 1.04538893699646
AnalysisTime: 0.0452728271484375
CalculatingTime: 1.913863182067871
OrderingTime: 0.27451395988464355
Sum: 3.279038906097412
BuildTime: 3272.579071998596
AllTime: 3275.8581109046936
Percentage: 0.1
