CalculatingTime: 1.2982244491577148
OrderingTime: 0.059732675552368164
Sum: 1.357957124710083
BuildTime: 3452.1008829275765
AllTime: 3453.4588400522866
Percentage: 0.04
