CalculatingTime: 1.2609589099884033
OrderingTime: 0.05759119987487793
Sum: 1.3185501098632812
BuildTime: 3073.7066527207694
AllTime: 3075.0252028306327
Percentage: 0.04
