CommandTime: 1.2558362483978271
AnalysisTime: 0.048273324966430664
CalculatingTime: 1.9447715282440186
OrderingTime: 0.14499425888061523
Sum: 3.3938753604888916
BuildTime: 3604.535053173701
AllTime: 3607.9289285341897
Percentage: 0.09
