CalculatingTime: 1.3199903964996338
OrderingTime: 0.06178593635559082
Sum: 1.3817763328552246
BuildTime: 3646.312835137049
AllTime: 3647.6946114699044
Percentage: 0.04
