CalculatingTime: 1.3096168041229248
OrderingTime: 0.06007981300354004
Sum: 1.3696966171264648
BuildTime: 3106.2514428297677
AllTime: 3107.621139446894
Percentage: 0.04
