CalculatingTime: 1.2460963726043701
OrderingTime: 0.05672121047973633
Sum: 1.3028175830841064
BuildTime: 3448.6345025698342
AllTime: 3449.9373201529183
Percentage: 0.04
