CommandTime: 1.3361599445343018
AnalysisTime: 0.049449920654296875
CalculatingTime: 1.8288629055023193
OrderingTime: 0.24101758003234863
Sum: 3.4554903507232666
BuildTime: 2740.1296225388846
AllTime: 2743.585112889608
Percentage: 0.13
