CommandTime: 1.1040050983428955
AnalysisTime: 0.047512054443359375
CalculatingTime: 1.921086072921753
OrderingTime: 0.3321421146392822
Sum: 3.40474534034729
BuildTime: 3093.1848438580832
AllTime: 3096.5895891984305
Percentage: 0.11
