CalculatingTime: 1.2902355194091797
OrderingTime: 0.05739164352416992
Sum: 1.3476271629333496
BuildTime: 3466.4436435699463
AllTime: 3467.7912707328796
Percentage: 0.04
