CalculatingTime: 1.360327959060669
OrderingTime: 0.06978797912597656
Sum: 1.4301159381866455
BuildTime: 3451.62184715271
AllTime: 3453.0519630908966
Percentage: 0.04
