CalculatingTime: 1.3443138599395752
OrderingTime: 0.06293487548828125
Sum: 1.4072487354278564
BuildTime: 3452.6636246840158
AllTime: 3454.0708734194436
Percentage: 0.04
