CommandTime: 1.0622923374176025
AnalysisTime: 0.04686141014099121
CalculatingTime: 1.793842077255249
OrderingTime: 0.16144728660583496
Sum: 3.0644431114196777
BuildTime: 2735.4409308433533
AllTime: 2738.505373954773
Percentage: 0.11
