CommandTime: 1.2573437690734863
AnalysisTime: 0.04911971092224121
CalculatingTime: 1.8625967502593994
OrderingTime: 0.1658463478088379
Sum: 3.334906578063965
BuildTime: 3270.867697318395
AllTime: 3274.202603896459
Percentage: 0.1
