CalculatingTime: 1.2849082946777344
OrderingTime: 0.0668027400970459
Sum: 1.3517110347747803
BuildTime: 3284.994670073191
AllTime: 3286.346381107966
Percentage: 0.04
