CommandTime: 1.344038486480713
AnalysisTime: 0.048990488052368164
CalculatingTime: 1.937387466430664
OrderingTime: 0.22637557983398438
Sum: 3.5567920207977295
BuildTime: 3438.2093303998313
AllTime: 3441.766122420629
Percentage: 0.1
