CommandTime: 3.2464585304260254
AnalysisTime: 0.044843196868896484
CalculatingTime: 1.763918399810791
OrderingTime: 0.10477805137634277
Sum: 5.159998178482056
BuildTime: 311.9789659976959
AllTime: 317.138964176178
Percentage: 1.63
