CommandTime: 3.2336227893829346
AnalysisTime: 0.04846072196960449
CalculatingTime: 1.6299412250518799
OrderingTime: 0.2475142478942871
Sum: 5.159538984298706
BuildTime: 323.2493216196696
AllTime: 328.4088606039683
Percentage: 1.57
