CommandTime: 3.3414783477783203
AnalysisTime: 0.04863309860229492
CalculatingTime: 1.6066436767578125
OrderingTime: 0.5517559051513672
Sum: 5.548511028289795
BuildTime: 318.26170380910236
AllTime: 323.81021483739215
Percentage: 1.71
