CalculatingTime: 1.0823249816894531
OrderingTime: 0.05669069290161133
Sum: 1.1390156745910645
BuildTime: 622.1072461605072
AllTime: 623.2462618350983
Percentage: 0.18
