CalculatingTime: 1.0667896270751953
OrderingTime: 0.055166006088256836
Sum: 1.1219556331634521
BuildTime: 456.63813583056134
AllTime: 457.7600914637248
Percentage: 0.25
