CommandTime: 2.8900740146636963
AnalysisTime: 0.04592728614807129
CalculatingTime: 1.6396613121032715
OrderingTime: 0.4291870594024658
Sum: 5.004849672317505
BuildTime: 320.1832344532013
AllTime: 325.1880841255188
Percentage: 1.54
