CalculatingTime: 1.0211639404296875
OrderingTime: 0.04641413688659668
Sum: 1.0675780773162842
BuildTime: 567.0074353218079
AllTime: 568.0750133991241
Percentage: 0.19
