CommandTime: 3.2913849353790283
AnalysisTime: 0.04754281044006348
CalculatingTime: 1.7687654495239258
OrderingTime: 0.22274494171142578
Sum: 5.330438137054443
BuildTime: 323.7290536562602
AllTime: 329.05949179331463
Percentage: 1.62
