CommandTime: 2.9706223011016846
AnalysisTime: 0.04667782783508301
CalculatingTime: 1.7047412395477295
OrderingTime: 0.1489877700805664
Sum: 4.8710291385650635
BuildTime: 352.8904902935028
AllTime: 357.76151943206787
Percentage: 1.36
