CommandTime: 3.1822402477264404
AnalysisTime: 0.046002864837646484
CalculatingTime: 1.7766408920288086
OrderingTime: 0.703416109085083
Sum: 5.7083001136779785
BuildTime: 251.2299722035726
AllTime: 256.9382723172506
Percentage: 2.22
