CommandTime: 3.0675384998321533
AnalysisTime: 0.04666781425476074
CalculatingTime: 1.5073318481445312
OrderingTime: 0.8875753879547119
Sum: 5.509113550186157
BuildTime: 252.79619137446085
AllTime: 258.305304924647
Percentage: 2.13
