CalculatingTime: 1.0928337574005127
OrderingTime: 0.051224470138549805
Sum: 1.1440582275390625
BuildTime: 538.199871857961
AllTime: 539.3439300855001
Percentage: 0.21
