CommandTime: 3.2805073261260986
AnalysisTime: 0.046868324279785156
CalculatingTime: 1.6414542198181152
OrderingTime: 0.5087616443634033
Sum: 5.477591514587402
BuildTime: 221.75970482826233
AllTime: 227.23729634284973
Percentage: 2.41
