CalculatingTime: 1.056225061416626
OrderingTime: 0.047029972076416016
Sum: 1.103255033493042
BuildTime: 496.510955174764
AllTime: 497.614210208257
Percentage: 0.22
