CommandTime: 3.212327241897583
AnalysisTime: 0.04957890510559082
CalculatingTime: 1.8108487129211426
OrderingTime: 0.2523784637451172
Sum: 5.325133323669434
BuildTime: 320.71986587842304
AllTime: 326.04499920209247
Percentage: 1.63
