CommandTime: 2.8965446949005127
AnalysisTime: 0.04463386535644531
CalculatingTime: 1.6594946384429932
OrderingTime: 0.44483184814453125
Sum: 5.045505046844482
BuildTime: 417.4647921721141
AllTime: 422.51029721895856
Percentage: 1.19
