CommandTime: 3.18302845954895
AnalysisTime: 0.04653596878051758
CalculatingTime: 1.5845484733581543
OrderingTime: 0.34810614585876465
Sum: 5.162219047546387
BuildTime: 325.46481680870056
AllTime: 330.62703585624695
Percentage: 1.56
