CalculatingTime: 0.9968776702880859
OrderingTime: 0.04597210884094238
Sum: 1.0428497791290283
BuildTime: 576.5652437210083
AllTime: 577.6080935001373
Percentage: 0.18
