CommandTime: 2.956932306289673
AnalysisTime: 0.04461169242858887
CalculatingTime: 1.6913390159606934
OrderingTime: 0.25293993949890137
Sum: 4.9458229541778564
BuildTime: 354.24944082895917
AllTime: 359.195263783137
Percentage: 1.38
