CalculatingTime: 1.0559372901916504
OrderingTime: 0.04784417152404785
Sum: 1.1037814617156982
BuildTime: 592.967317978541
AllTime: 594.0710994402567
Percentage: 0.19
