CommandTime: 3.2174110412597656
AnalysisTime: 0.04573535919189453
CalculatingTime: 1.7022924423217773
OrderingTime: 0.7040812969207764
Sum: 5.669520139694214
BuildTime: 324.42194151878357
AllTime: 330.0914616584778
Percentage: 1.72
