CalculatingTime: 1.0603830814361572
OrderingTime: 0.0552976131439209
Sum: 1.1156806945800781
BuildTime: 598.7320511341095
AllTime: 599.8477318286896
Percentage: 0.19
