CommandTime: 2.9659247398376465
AnalysisTime: 0.04608869552612305
CalculatingTime: 1.780776023864746
OrderingTime: 1.4325213432312012
Sum: 6.225310802459717
BuildTime: 277.68010600407916
AllTime: 283.9054168065389
Percentage: 2.19
