CalculatingTime: 1.0780205726623535
OrderingTime: 0.05735588073730469
Sum: 1.1353764533996582
BuildTime: 498.9773922761281
AllTime: 500.1127687295278
Percentage: 0.23
