CalculatingTime: 1.0722641944885254
OrderingTime: 0.05343174934387207
Sum: 1.1256959438323975
BuildTime: 488.24267705281574
AllTime: 489.36837299664813
Percentage: 0.23
