CommandTime: 2.8996970653533936
AnalysisTime: 0.04612469673156738
CalculatingTime: 1.7395837306976318
OrderingTime: 0.5023438930511475
Sum: 5.18774938583374
BuildTime: 252.90251644452414
AllTime: 258.0902658303579
Percentage: 2.01
