CalculatingTime: 1.031935214996338
OrderingTime: 0.054963111877441406
Sum: 1.0868983268737793
BuildTime: 570.3885842164358
AllTime: 571.4754825433096
Percentage: 0.19
