CalculatingTime: 1.0968210697174072
OrderingTime: 0.049118757247924805
Sum: 1.145939826965332
BuildTime: 521.5891673564911
AllTime: 522.7351071834564
Percentage: 0.22
