CommandTime: 2.980010986328125
AnalysisTime: 0.04608511924743652
CalculatingTime: 1.640937328338623
OrderingTime: 0.8593294620513916
Sum: 5.526362895965576
BuildTime: 249.70105004310608
AllTime: 255.22741293907166
Percentage: 2.17
