CalculatingTime: 1.0119333267211914
OrderingTime: 0.055429935455322266
Sum: 1.0673632621765137
BuildTime: 604.1368600527445
AllTime: 605.204223314921
Percentage: 0.18
