CommandTime: 3.193077325820923
AnalysisTime: 0.04658842086791992
CalculatingTime: 1.5899958610534668
OrderingTime: 0.6117746829986572
Sum: 5.441436290740967
BuildTime: 357.0635006427765
AllTime: 362.50493693351746
Percentage: 1.5
