CommandTime: 3.3321661949157715
AnalysisTime: 0.04744386672973633
CalculatingTime: 1.6532907485961914
OrderingTime: 1.1197903156280518
Sum: 6.152691125869751
BuildTime: 215.17781774202982
AllTime: 221.33050886789957
Percentage: 2.78
