CommandTime: 2.9564225673675537
AnalysisTime: 0.045308589935302734
CalculatingTime: 1.7735216617584229
OrderingTime: 1.542085886001587
Sum: 6.317338705062866
BuildTime: 249.15025854110718
AllTime: 255.46759724617004
Percentage: 2.47
