CommandTime: 2.949213981628418
AnalysisTime: 0.04223895072937012
CalculatingTime: 1.7284960746765137
OrderingTime: 0.2063581943511963
Sum: 4.926307201385498
BuildTime: 322.3160382111867
AllTime: 327.2423454125722
Percentage: 1.51
