CommandTime: 3.0528576374053955
AnalysisTime: 0.045076847076416016
CalculatingTime: 1.5881822109222412
OrderingTime: 0.6253652572631836
Sum: 5.311481952667236
BuildTime: 390.7031602859497
AllTime: 396.01464223861694
Percentage: 1.34
