CalculatingTime: 1.1605052947998047
OrderingTime: 0.053285837173461914
Sum: 1.2137911319732666
BuildTime: 428.5443109671275
AllTime: 429.75810209910077
Percentage: 0.28
