CalculatingTime: 1.1133790016174316
OrderingTime: 0.05579781532287598
Sum: 1.1691768169403076
BuildTime: 533.4122546513876
AllTime: 534.5814314683279
Percentage: 0.22
