CalculatingTime: 1.0567922592163086
OrderingTime: 0.055619239807128906
Sum: 1.1124114990234375
BuildTime: 563.5219654242197
AllTime: 564.6343769232432
Percentage: 0.2
