CalculatingTime: 1.0363202095031738
OrderingTime: 0.05588674545288086
Sum: 1.0922069549560547
BuildTime: 603.7315900325775
AllTime: 604.8237969875336
Percentage: 0.18
