CalculatingTime: 1.0409696102142334
OrderingTime: 0.057370901107788086
Sum: 1.0983405113220215
BuildTime: 504.60402846336365
AllTime: 505.70236897468567
Percentage: 0.22
