CommandTime: 2.8928518295288086
AnalysisTime: 0.04533648490905762
CalculatingTime: 1.522148609161377
OrderingTime: 0.22673726081848145
Sum: 4.687074184417725
BuildTime: 287.70391337076825
AllTime: 292.390987555186
Percentage: 1.6
