CalculatingTime: 1.092667579650879
OrderingTime: 0.04593777656555176
Sum: 1.1386053562164307
BuildTime: 569.0002478758494
AllTime: 570.1388532320658
Percentage: 0.2
