CalculatingTime: 1.140019416809082
OrderingTime: 0.058946847915649414
Sum: 1.1989662647247314
BuildTime: 467.6900891462962
AllTime: 468.88905541102093
Percentage: 0.26
