CalculatingTime: 0.9927225112915039
OrderingTime: 0.05459427833557129
Sum: 1.0473167896270752
BuildTime: 464.19492324193317
AllTime: 465.24224003156024
Percentage: 0.23
