CommandTime: 3.307095766067505
AnalysisTime: 0.04478859901428223
CalculatingTime: 1.7092206478118896
OrderingTime: 0.2386329174041748
Sum: 5.299737930297852
BuildTime: 322.3237332503001
AllTime: 327.62347118059796
Percentage: 1.62
