CalculatingTime: 1.0376691818237305
OrderingTime: 0.05431318283081055
Sum: 1.091982364654541
BuildTime: 356.1117177804311
AllTime: 357.20370014508563
Percentage: 0.31
