CalculatingTime: 1.0343081951141357
OrderingTime: 0.05502939224243164
Sum: 1.0893375873565674
BuildTime: 397.8202594121297
AllTime: 398.90959699948627
Percentage: 0.27
