CalculatingTime: 1.0922460556030273
OrderingTime: 0.05652046203613281
Sum: 1.1487665176391602
BuildTime: 640.6921979586283
AllTime: 641.8409644762675
Percentage: 0.18
