CommandTime: 2.952315092086792
AnalysisTime: 0.04629111289978027
CalculatingTime: 1.7044055461883545
OrderingTime: 0.6430132389068604
Sum: 5.346024990081787
BuildTime: 390.1227295398712
AllTime: 395.468754529953
Percentage: 1.35
