CommandTime: 3.1778266429901123
AnalysisTime: 0.04767966270446777
CalculatingTime: 1.749260663986206
OrderingTime: 0.3183777332305908
Sum: 5.293144702911377
BuildTime: 322.082506497701
AllTime: 327.37565120061237
Percentage: 1.62
