CalculatingTime: 1.0638155937194824
OrderingTime: 0.05546379089355469
Sum: 1.119279384613037
BuildTime: 536.2163672447205
AllTime: 537.3356466293335
Percentage: 0.21
