CalculatingTime: 1.1012380123138428
OrderingTime: 0.05262303352355957
Sum: 1.1538610458374023
BuildTime: 426.52693851788837
AllTime: 427.68079956372577
Percentage: 0.27
