CommandTime: 3.2167434692382812
AnalysisTime: 0.04909873008728027
CalculatingTime: 1.6650457382202148
OrderingTime: 0.45995092391967773
Sum: 5.390838861465454
BuildTime: 319.63355835278827
AllTime: 325.0243972142537
Percentage: 1.66
