CommandTime: 3.296952486038208
AnalysisTime: 0.04795527458190918
CalculatingTime: 1.6089293956756592
OrderingTime: 0.7504973411560059
Sum: 5.704334497451782
BuildTime: 326.175226132075
AllTime: 331.8795606295268
Percentage: 1.72
