CommandTime: 2.9174933433532715
AnalysisTime: 0.045911550521850586
CalculatingTime: 1.6171469688415527
OrderingTime: 0.14383149147033691
Sum: 4.724383354187012
BuildTime: 313.6943054993947
AllTime: 318.4186888535817
Percentage: 1.48
