CalculatingTime: 1.0793747901916504
OrderingTime: 0.05239748954772949
Sum: 1.1317722797393799
BuildTime: 501.47057700157166
AllTime: 502.60234928131104
Percentage: 0.23
