CommandTime: 3.224599838256836
AnalysisTime: 0.04619574546813965
CalculatingTime: 1.7411022186279297
OrderingTime: 1.2521965503692627
Sum: 6.264094352722168
BuildTime: 214.22361294428507
AllTime: 220.48770729700723
Percentage: 2.84
