CalculatingTime: 1.0828022956848145
OrderingTime: 0.059841156005859375
Sum: 1.1426434516906738
BuildTime: 498.5760823090871
AllTime: 499.7187257607778
Percentage: 0.23
