CalculatingTime: 1.0507640838623047
OrderingTime: 0.04923605918884277
Sum: 1.1000001430511475
BuildTime: 432.3075686295827
AllTime: 433.40756877263385
Percentage: 0.25
