CalculatingTime: 1.0725429058074951
OrderingTime: 0.05670499801635742
Sum: 1.1292479038238525
BuildTime: 497.99091657002765
AllTime: 499.1201644738515
Percentage: 0.23
