CalculatingTime: 1.0507309436798096
OrderingTime: 0.055481672286987305
Sum: 1.1062126159667969
BuildTime: 537.7132741610209
AllTime: 538.8194867769877
Percentage: 0.21
