CalculatingTime: 1.0570473670959473
OrderingTime: 0.0538325309753418
Sum: 1.110879898071289
BuildTime: 602.535031636556
AllTime: 603.6459115346273
Percentage: 0.18
