CommandTime: 3.2540550231933594
AnalysisTime: 0.044861555099487305
CalculatingTime: 1.6082515716552734
OrderingTime: 0.513948917388916
Sum: 5.421117067337036
BuildTime: 324.37749274571735
AllTime: 329.7986098130544
Percentage: 1.64
