CommandTime: 3.0848240852355957
AnalysisTime: 0.04431796073913574
CalculatingTime: 1.729644775390625
OrderingTime: 1.1627740859985352
Sum: 6.021560907363892
BuildTime: 250.3977208932241
AllTime: 256.419281800588
Percentage: 2.35
