CommandTime: 4.532443046569824
AnalysisTime: 0.21198725700378418
CalculatingTime: 7.172741651535034
OrderingTime: 0.9714930057525635
Sum: 12.888664960861206
BuildTime: 78.87145932515462
AllTime: 91.76012428601582
Percentage: 14.05
