CommandTime: 4.1068103313446045
AnalysisTime: 0.2086782455444336
CalculatingTime: 7.764523983001709
OrderingTime: 1.8858616352081299
Sum: 13.965874195098877
BuildTime: 79.02173082033794
AllTime: 92.98760501543681
Percentage: 15.02
