CommandTime: 4.415385484695435
AnalysisTime: 0.2033994197845459
CalculatingTime: 7.288025379180908
OrderingTime: 0.9127779006958008
Sum: 12.81958818435669
BuildTime: 85.61591092745464
AllTime: 98.43549911181132
Percentage: 13.02
