CommandTime: 4.187871932983398
AnalysisTime: 0.20464658737182617
CalculatingTime: 7.105826377868652
OrderingTime: 1.8678035736083984
Sum: 13.366148471832275
BuildTime: 77.96030831336975
AllTime: 91.32645678520203
Percentage: 14.64
