CalculatingTime: 3.450204849243164
OrderingTime: 0.14467930793762207
Sum: 3.594884157180786
BuildTime: 682.2211815516154
AllTime: 685.8160657087961
Percentage: 0.52
