CalculatingTime: 3.6333014965057373
OrderingTime: 0.1695079803466797
Sum: 3.802809476852417
BuildTime: 527.9162282148997
AllTime: 531.7190376917521
Percentage: 0.72
