CommandTime: 3.9077866077423096
AnalysisTime: 0.19115900993347168
CalculatingTime: 7.49527907371521
OrderingTime: 0.9292185306549072
Sum: 12.523443222045898
BuildTime: 80.5992062886556
AllTime: 93.12264951070149
Percentage: 13.45
