CommandTime: 3.951362133026123
AnalysisTime: 0.20834016799926758
CalculatingTime: 7.782833814620972
OrderingTime: 1.1069002151489258
Sum: 13.049436330795288
BuildTime: 129.18281372388205
AllTime: 142.23225005467734
Percentage: 9.17
