CalculatingTime: 3.3401339054107666
OrderingTime: 0.15541410446166992
Sum: 3.4955480098724365
BuildTime: 129.5353286266327
AllTime: 133.03087663650513
Percentage: 2.63
