CommandTime: 4.122566223144531
AnalysisTime: 0.20008134841918945
CalculatingTime: 7.882434606552124
OrderingTime: 2.306426763534546
Sum: 14.51150894165039
BuildTime: 75.0347827275594
AllTime: 89.5462916692098
Percentage: 16.21
