CalculatingTime: 3.5148682594299316
OrderingTime: 0.16318607330322266
Sum: 3.6780543327331543
BuildTime: 376.79095284144086
AllTime: 380.469007174174
Percentage: 0.97
