CalculatingTime: 3.524787425994873
OrderingTime: 0.14818954467773438
Sum: 3.6729769706726074
BuildTime: 511.2875156402588
AllTime: 514.9604926109314
Percentage: 0.71
