CalculatingTime: 3.304063320159912
OrderingTime: 0.14374303817749023
Sum: 3.4478063583374023
BuildTime: 195.46893072128296
AllTime: 198.91673707962036
Percentage: 1.73
