CalculatingTime: 3.4724583625793457
OrderingTime: 0.17427659034729004
Sum: 3.6467349529266357
BuildTime: 346.03053998947144
AllTime: 349.67727494239807
Percentage: 1.04
