CalculatingTime: 3.3777761459350586
OrderingTime: 0.14371657371520996
Sum: 3.5214927196502686
BuildTime: 327.599002679189
AllTime: 331.1204953988393
Percentage: 1.06
