CommandTime: 4.3326849937438965
AnalysisTime: 0.21186089515686035
CalculatingTime: 7.028653860092163
OrderingTime: 1.8310976028442383
Sum: 13.404297351837158
BuildTime: 95.60676527023315
AllTime: 109.01106262207031
Percentage: 12.3
