CommandTime: 4.023313760757446
AnalysisTime: 0.19920778274536133
CalculatingTime: 7.798418283462524
OrderingTime: 1.3647658824920654
Sum: 13.385705709457397
BuildTime: 79.1739919980367
AllTime: 92.5596977074941
Percentage: 14.46
