CalculatingTime: 3.3187949657440186
OrderingTime: 0.14641809463500977
Sum: 3.4652130603790283
BuildTime: 310.730256319046
AllTime: 314.19546937942505
Percentage: 1.1
