CalculatingTime: 3.4435153007507324
OrderingTime: 0.16697025299072266
Sum: 3.610485553741455
BuildTime: 243.70921548207602
AllTime: 247.31970103581747
Percentage: 1.46
