CommandTime: 4.391953229904175
AnalysisTime: 0.20515012741088867
CalculatingTime: 7.216547966003418
OrderingTime: 1.8138704299926758
Sum: 13.627521753311157
BuildTime: 78.6239086786906
AllTime: 92.25143043200175
Percentage: 14.77
