CommandTime: 4.278951644897461
AnalysisTime: 0.20905399322509766
CalculatingTime: 7.652238368988037
OrderingTime: 1.1689867973327637
Sum: 13.30923080444336
BuildTime: 82.10952123006184
AllTime: 95.4187520345052
Percentage: 13.95
