CommandTime: 4.007985591888428
AnalysisTime: 0.20197129249572754
CalculatingTime: 7.610009670257568
OrderingTime: 0.391521692276001
Sum: 12.211488246917725
BuildTime: 96.58300455411275
AllTime: 108.79449280103047
Percentage: 11.22
