CommandTime: 4.436553001403809
AnalysisTime: 0.21289563179016113
CalculatingTime: 6.88330078125
OrderingTime: 1.2560412883758545
Sum: 12.788790702819824
BuildTime: 78.48160926500957
AllTime: 91.27039996782939
Percentage: 14.01
