CalculatingTime: 3.283484935760498
OrderingTime: 0.14689922332763672
Sum: 3.4303841590881348
BuildTime: 167.92174363136292
AllTime: 171.35212779045105
Percentage: 2.0
