CalculatingTime: 3.3584189414978027
OrderingTime: 0.1531827449798584
Sum: 3.511601686477661
BuildTime: 166.40706729888916
AllTime: 169.91866898536682
Percentage: 2.07
