CommandTime: 4.401030778884888
AnalysisTime: 0.2124195098876953
CalculatingTime: 7.0756449699401855
OrderingTime: 2.1481025218963623
Sum: 13.83719778060913
BuildTime: 92.25145610173543
AllTime: 106.08865388234456
Percentage: 13.04
