CommandTime: 3.829522132873535
AnalysisTime: 0.20177388191223145
CalculatingTime: 7.603633165359497
OrderingTime: 1.5677485466003418
Sum: 13.202677726745605
BuildTime: 74.46716435750325
AllTime: 87.66984208424886
Percentage: 15.06
