CalculatingTime: 3.4570398330688477
OrderingTime: 0.15157318115234375
Sum: 3.6086130142211914
BuildTime: 98.98594935735066
AllTime: 102.59456237157185
Percentage: 3.52
