CommandTime: 4.833011150360107
AnalysisTime: 0.22387003898620605
CalculatingTime: 7.074472904205322
OrderingTime: 1.8103370666503906
Sum: 13.941691160202026
BuildTime: 93.03119119008382
AllTime: 106.97288235028584
Percentage: 13.03
