CalculatingTime: 3.4036307334899902
OrderingTime: 0.1489241123199463
Sum: 3.5525548458099365
BuildTime: 439.2789750099182
AllTime: 442.83152985572815
Percentage: 0.8
