CommandTime: 4.00594162940979
AnalysisTime: 0.19437885284423828
CalculatingTime: 7.606487512588501
OrderingTime: 1.2531673908233643
Sum: 13.059975385665894
BuildTime: 78.8283588886261
AllTime: 91.88833427429199
Percentage: 14.21
