CommandTime: 4.061688661575317
AnalysisTime: 0.19977688789367676
CalculatingTime: 7.723655939102173
OrderingTime: 1.3641393184661865
Sum: 13.349260807037354
BuildTime: 78.83556691805522
AllTime: 92.18482772509257
Percentage: 14.48
