CalculatingTime: 3.3821463584899902
OrderingTime: 0.14599609375
Sum: 3.5281424522399902
BuildTime: 162.20572924613953
AllTime: 165.73387169837952
Percentage: 2.13
