CalculatingTime: 3.5272886753082275
OrderingTime: 0.14823675155639648
Sum: 3.675525426864624
BuildTime: 124.99818738301595
AllTime: 128.67371280988056
Percentage: 2.86
