CommandTime: 4.575058221817017
AnalysisTime: 0.21819663047790527
CalculatingTime: 7.063671588897705
OrderingTime: 1.293961763381958
Sum: 13.150888204574585
BuildTime: 81.41101582845052
AllTime: 94.5619040330251
Percentage: 13.91
