CommandTime: 4.217357158660889
AnalysisTime: 0.20202136039733887
CalculatingTime: 7.21314811706543
OrderingTime: 0.8417649269104004
Sum: 12.474291563034058
BuildTime: 91.92385419209798
AllTime: 104.39814575513203
Percentage: 11.95
