CalculatingTime: 3.302548408508301
OrderingTime: 0.14964604377746582
Sum: 3.4521944522857666
BuildTime: 376.169442653656
AllTime: 379.6216371059418
Percentage: 0.91
