CommandTime: 4.370364665985107
AnalysisTime: 0.20053720474243164
CalculatingTime: 7.0777506828308105
OrderingTime: 0.6168982982635498
Sum: 12.2655508518219
BuildTime: 96.4756019115448
AllTime: 108.7411527633667
Percentage: 11.28
