CommandTime: 4.3160200119018555
AnalysisTime: 0.2051830291748047
CalculatingTime: 7.019702911376953
OrderingTime: 0.9336738586425781
Sum: 12.474579811096191
BuildTime: 82.43487032254536
AllTime: 94.90945013364156
Percentage: 13.14
