CommandTime: 4.615892171859741
AnalysisTime: 0.21230506896972656
CalculatingTime: 6.957370758056641
OrderingTime: 1.6094067096710205
Sum: 13.394974708557129
BuildTime: 76.25647528966267
AllTime: 89.6514499982198
Percentage: 14.94
