CommandTime: 4.533104419708252
AnalysisTime: 0.2083892822265625
CalculatingTime: 7.186781883239746
OrderingTime: 0.9985835552215576
Sum: 12.926859140396118
BuildTime: 80.2427031993866
AllTime: 93.16956233978271
Percentage: 13.87
