CalculatingTime: 3.462209701538086
OrderingTime: 0.1597142219543457
Sum: 3.6219239234924316
BuildTime: 160.56614796320596
AllTime: 164.1880718866984
Percentage: 2.21
