CalculatingTime: 3.282278299331665
OrderingTime: 0.14840078353881836
Sum: 3.4306790828704834
BuildTime: 116.48786703745525
AllTime: 119.91854612032573
Percentage: 2.86
