CalculatingTime: 3.4442057609558105
OrderingTime: 0.16039586067199707
Sum: 3.6046016216278076
BuildTime: 345.44796840349835
AllTime: 349.05257002512616
Percentage: 1.03
