CalculatingTime: 3.4670355319976807
OrderingTime: 0.141862154006958
Sum: 3.6088976860046387
BuildTime: 426.66376996040344
AllTime: 430.2726676464081
Percentage: 0.84
