CalculatingTime: 3.3926985263824463
OrderingTime: 0.15378952026367188
Sum: 3.546488046646118
BuildTime: 214.1577785809835
AllTime: 217.7042666276296
Percentage: 1.63
