CommandTime: 4.484594821929932
AnalysisTime: 0.20673584938049316
CalculatingTime: 7.291289806365967
OrderingTime: 1.3635921478271484
Sum: 13.34621262550354
BuildTime: 96.49810981750488
AllTime: 109.84432244300842
Percentage: 12.15
