CalculatingTime: 3.3731918334960938
OrderingTime: 0.145979642868042
Sum: 3.5191714763641357
BuildTime: 376.0097320874532
AllTime: 379.5289035638173
Percentage: 0.93
