CommandTime: 4.353073358535767
AnalysisTime: 0.20535540580749512
CalculatingTime: 6.920560121536255
OrderingTime: 2.011969566345215
Sum: 13.490958452224731
BuildTime: 95.4568399588267
AllTime: 108.94779841105144
Percentage: 12.38
