CalculatingTime: 3.287337064743042
OrderingTime: 0.15108847618103027
Sum: 3.4384255409240723
BuildTime: 336.5092873573303
AllTime: 339.9477128982544
Percentage: 1.01
