CommandTime: 4.276134014129639
AnalysisTime: 0.2100238800048828
CalculatingTime: 7.214959144592285
OrderingTime: 1.4350776672363281
Sum: 13.136194705963135
BuildTime: 96.04487864176433
AllTime: 109.18107334772746
Percentage: 12.03
