CalculatingTime: 3.375157117843628
OrderingTime: 0.16099810600280762
Sum: 3.5361552238464355
BuildTime: 327.5223563512166
AllTime: 331.05851157506305
Percentage: 1.07
