CommandTime: 4.053551435470581
AnalysisTime: 0.20281338691711426
CalculatingTime: 7.8854334354400635
OrderingTime: 1.8410837650299072
Sum: 13.982882022857666
BuildTime: 78.65039412180583
AllTime: 92.6332761446635
Percentage: 15.09
