CommandTime: 3.8650364875793457
AnalysisTime: 0.19529056549072266
CalculatingTime: 7.528201103210449
OrderingTime: 1.671433448791504
Sum: 13.259961605072021
BuildTime: 78.39942447344463
AllTime: 91.65938607851665
Percentage: 14.47
