CalculatingTime: 3.3862173557281494
OrderingTime: 0.1399376392364502
Sum: 3.5261549949645996
BuildTime: 147.2853605747223
AllTime: 150.8115155696869
Percentage: 2.34
