CommandTime: 4.6299028396606445
AnalysisTime: 0.20608234405517578
CalculatingTime: 6.88634181022644
OrderingTime: 1.737823486328125
Sum: 13.460150480270386
BuildTime: 79.40102775891621
AllTime: 92.8611782391866
Percentage: 14.49
