CalculatingTime: 3.458423137664795
OrderingTime: 0.14220452308654785
Sum: 3.6006276607513428
BuildTime: 147.85789155960083
AllTime: 151.45851922035217
Percentage: 2.38
