CalculatingTime: 3.304008960723877
OrderingTime: 0.1612858772277832
Sum: 3.46529483795166
BuildTime: 356.3148256142934
AllTime: 359.78012045224506
Percentage: 0.96
