CommandTime: 3.9742143154144287
AnalysisTime: 0.20303630828857422
CalculatingTime: 7.7449424266815186
OrderingTime: 0.7868068218231201
Sum: 12.708999872207642
BuildTime: 81.00331838925679
AllTime: 93.71231826146443
Percentage: 13.56
