CalculatingTime: 3.428607702255249
OrderingTime: 0.16060328483581543
Sum: 3.5892109870910645
BuildTime: 441.8063584963481
AllTime: 445.39556948343915
Percentage: 0.81
