CommandTime: 3.9797520637512207
AnalysisTime: 0.20711421966552734
CalculatingTime: 7.863125562667847
OrderingTime: 1.2443807125091553
Sum: 13.29437255859375
BuildTime: 85.86840192476909
AllTime: 99.16277448336284
Percentage: 13.41
