CalculatingTime: 3.4100093841552734
OrderingTime: 0.14204668998718262
Sum: 3.552056074142456
BuildTime: 78.40895930926006
AllTime: 81.96101538340251
Percentage: 4.33
