CalculatingTime: 3.3388831615448
OrderingTime: 0.1423172950744629
Sum: 3.4812004566192627
BuildTime: 617.0363034407297
AllTime: 620.517503897349
Percentage: 0.56
