CalculatingTime: 3.3923499584198
OrderingTime: 0.15879154205322266
Sum: 3.5511415004730225
BuildTime: 131.0514210065206
AllTime: 134.60256250699362
Percentage: 2.64
