CalculatingTime: 0.33823275566101074
OrderingTime: 1.1306660175323486
Sum: 1.4688987731933594
BuildTime: 821.7859065532684
AllTime: 823.2548053264618
Percentage: 0.18
