CommandTime: 1.2364203929901123
AnalysisTime: 0.01868581771850586
CalculatingTime: 0.673558235168457
OrderingTime: 0.3344235420227051
Sum: 2.2630879878997803
BuildTime: 817.7590062618256
AllTime: 820.0220942497253
Percentage: 0.28
