CommandTime: 1.212217092514038
AnalysisTime: 0.017641544342041016
CalculatingTime: 0.6730763912200928
OrderingTime: 0.42562413215637207
Sum: 2.328559160232544
BuildTime: 823.6397423744202
AllTime: 825.9683015346527
Percentage: 0.28
