CalculatingTime: 0.35904717445373535
OrderingTime: 1.7548017501831055
Sum: 2.113848924636841
BuildTime: 814.316089630127
AllTime: 816.4299385547638
Percentage: 0.26
