CommandTime: 1.2387213706970215
AnalysisTime: 0.018521547317504883
CalculatingTime: 0.7320089340209961
OrderingTime: 0.5528154373168945
Sum: 2.542067289352417
BuildTime: 820.2987246513367
AllTime: 822.8407919406891
Percentage: 0.31
