CalculatingTime: 0.353318452835083
OrderingTime: 2.026604175567627
Sum: 2.37992262840271
BuildTime: 816.1887786388397
AllTime: 818.5687012672424
Percentage: 0.29
