CalculatingTime: 0.6792936325073242
OrderingTime: 0.3606247901916504
Sum: 1.0399184226989746
BuildTime: 813.9456140995026
AllTime: 814.9855325222015
Percentage: 0.13
