CalculatingTime: 0.6680762767791748
OrderingTime: 0.30506396293640137
Sum: 0.9731402397155762
BuildTime: 813.3497743606567
AllTime: 814.3229146003723
Percentage: 0.12
