CalculatingTime: 0.7058789730072021
OrderingTime: 0.25713467597961426
Sum: 0.9630136489868164
BuildTime: 819.3630814552307
AllTime: 820.3260951042175
Percentage: 0.12
