CalculatingTime: 0.6874735355377197
OrderingTime: 0.00018668174743652344
Sum: 0.6876602172851562
BuildTime: 815.6358366012573
AllTime: 816.3234968185425
Percentage: 0.08
