CalculatingTime: 0.3361189365386963
OrderingTime: 2.0909550189971924
Sum: 2.4270739555358887
BuildTime: 816.196498632431
AllTime: 818.6235725879669
Percentage: 0.3
