CalculatingTime: 0.6977026462554932
OrderingTime: 0.00021219253540039062
Sum: 0.6979148387908936
BuildTime: 818.5698652267456
AllTime: 819.2677800655365
Percentage: 0.09
