CalculatingTime: 0.6615941524505615
OrderingTime: 0.4511728286743164
Sum: 1.112766981124878
BuildTime: 818.3446469306946
AllTime: 819.4574139118195
Percentage: 0.14
