CalculatingTime: 0.3492090702056885
OrderingTime: 1.4187183380126953
Sum: 1.7679274082183838
BuildTime: 815.4327583312988
AllTime: 817.2006857395172
Percentage: 0.22
