CalculatingTime: 0.4199247360229492
OrderingTime: 2.4058170318603516
Sum: 2.825741767883301
BuildTime: 819.2230746746063
AllTime: 822.0488164424896
Percentage: 0.34
