CalculatingTime: 0.366086483001709
OrderingTime: 1.4274537563323975
Sum: 1.7935402393341064
BuildTime: 815.4912307262421
AllTime: 817.2847709655762
Percentage: 0.22
