CalculatingTime: 0.655940055847168
OrderingTime: 0.00024127960205078125
Sum: 0.6561813354492188
BuildTime: 816.041403055191
AllTime: 816.6975843906403
Percentage: 0.08
