CalculatingTime: 0.7011570930480957
OrderingTime: 0.00020742416381835938
Sum: 0.7013645172119141
BuildTime: 816.0166554450989
AllTime: 816.7180199623108
Percentage: 0.09
