CalculatingTime: 0.6952347755432129
OrderingTime: 0.00020074844360351562
Sum: 0.6954355239868164
BuildTime: 814.5097994804382
AllTime: 815.205235004425
Percentage: 0.09
