CalculatingTime: 0.6909120082855225
OrderingTime: 0.00020170211791992188
Sum: 0.6911137104034424
BuildTime: 818.2021703720093
AllTime: 818.8932840824127
Percentage: 0.08
