CommandTime: 1.2146811485290527
AnalysisTime: 0.018158912658691406
CalculatingTime: 0.6858892440795898
OrderingTime: 0.3296220302581787
Sum: 2.2483513355255127
BuildTime: 818.3277449607849
AllTime: 820.5760962963104
Percentage: 0.27
