CalculatingTime: 0.3395209312438965
OrderingTime: 1.8130767345428467
Sum: 2.152597665786743
BuildTime: 817.5961253643036
AllTime: 819.7487230300903
Percentage: 0.26
