CalculatingTime: 0.7762255668640137
OrderingTime: 0.5719575881958008
Sum: 1.3481831550598145
BuildTime: 819.030436038971
AllTime: 820.3786191940308
Percentage: 0.16
