CalculatingTime: 0.335080623626709
OrderingTime: 1.6071903705596924
Sum: 1.9422709941864014
BuildTime: 821.8608119487762
AllTime: 823.8030829429626
Percentage: 0.24
