CalculatingTime: 0.6817631721496582
OrderingTime: 0.00019621849060058594
Sum: 0.6819593906402588
BuildTime: 815.6774213314056
AllTime: 816.3593807220459
Percentage: 0.08
