CalculatingTime: 0.3464655876159668
OrderingTime: 1.2786586284637451
Sum: 1.625124216079712
BuildTime: 816.5390021800995
AllTime: 818.1641263961792
Percentage: 0.2
