CalculatingTime: 0.3554956912994385
OrderingTime: 3.2289700508117676
Sum: 3.584465742111206
BuildTime: 825.6014552116394
AllTime: 829.1859209537506
Percentage: 0.43
