CalculatingTime: 0.6817991733551025
OrderingTime: 0.37152647972106934
Sum: 1.0533256530761719
BuildTime: 814.92431473732
AllTime: 815.9776403903961
Percentage: 0.13
