CalculatingTime: 0.6699326038360596
OrderingTime: 0.26180577278137207
Sum: 0.9317383766174316
BuildTime: 814.3034846782684
AllTime: 815.2352230548859
Percentage: 0.11
