CalculatingTime: 0.7176783084869385
OrderingTime: 0.0002090930938720703
Sum: 0.7178874015808105
BuildTime: 816.9439010620117
AllTime: 817.6617884635925
Percentage: 0.09
