CalculatingTime: 0.7672054767608643
OrderingTime: 0.00020003318786621094
Sum: 0.7674055099487305
BuildTime: 815.4932582378387
AllTime: 816.2606637477875
Percentage: 0.09
