CalculatingTime: 0.6645927429199219
OrderingTime: 0.00017905235290527344
Sum: 0.6647717952728271
BuildTime: 819.9228284358978
AllTime: 820.5876002311707
Percentage: 0.08
