CommandTime: 1.2930750846862793
AnalysisTime: 0.018381595611572266
CalculatingTime: 0.6834495067596436
OrderingTime: 0.3330256938934326
Sum: 2.3279318809509277
BuildTime: 816.8314843177795
AllTime: 819.1594161987305
Percentage: 0.28
