CalculatingTime: 0.6659595966339111
OrderingTime: 0.29755139350891113
Sum: 0.9635109901428223
BuildTime: 813.6377778053284
AllTime: 814.6012887954712
Percentage: 0.12
