CommandTime: 1.2759647369384766
AnalysisTime: 0.018131017684936523
CalculatingTime: 0.7139432430267334
OrderingTime: 0.2981886863708496
Sum: 2.306227684020996
BuildTime: 822.2292320728302
AllTime: 824.5354597568512
Percentage: 0.28
