CommandTime: 1.2405023574829102
AnalysisTime: 0.018420696258544922
CalculatingTime: 0.6953370571136475
OrderingTime: 0.3311471939086914
Sum: 2.285407304763794
BuildTime: 819.5459043979645
AllTime: 821.8313117027283
Percentage: 0.28
