CalculatingTime: 0.7011673450469971
OrderingTime: 0.00022673606872558594
Sum: 0.7013940811157227
BuildTime: 815.0327336788177
AllTime: 815.7341277599335
Percentage: 0.09
