CalculatingTime: 0.6612770557403564
OrderingTime: 0.307140588760376
Sum: 0.9684176445007324
BuildTime: 814.5243730545044
AllTime: 815.4927906990051
Percentage: 0.12
