CommandTime: 1.2897894382476807
AnalysisTime: 0.019197940826416016
CalculatingTime: 0.6900689601898193
OrderingTime: 0.2651846408843994
Sum: 2.2642409801483154
BuildTime: 818.5262403488159
AllTime: 820.7904813289642
Percentage: 0.28
