CalculatingTime: 0.7186493873596191
OrderingTime: 0.00018668174743652344
Sum: 0.7188360691070557
BuildTime: 813.9647073745728
AllTime: 814.6835434436798
Percentage: 0.09
