CalculatingTime: 0.6648578643798828
OrderingTime: 0.39856457710266113
Sum: 1.063422441482544
BuildTime: 815.438154220581
AllTime: 816.5015766620636
Percentage: 0.13
