CommandTime: 1.2011172771453857
AnalysisTime: 0.018657207489013672
CalculatingTime: 0.6815280914306641
OrderingTime: 0.2603886127471924
Sum: 2.161691188812256
BuildTime: 817.8725719451904
AllTime: 820.0342631340027
Percentage: 0.26
