CalculatingTime: 0.7308542728424072
OrderingTime: 0.21927237510681152
Sum: 0.9501266479492188
BuildTime: 815.6563680171967
AllTime: 816.6064946651459
Percentage: 0.12
