CalculatingTime: 0.6956796646118164
OrderingTime: 0.19080877304077148
Sum: 0.8864884376525879
BuildTime: 816.4999597072601
AllTime: 817.3864481449127
Percentage: 0.11
