CalculatingTime: 0.6959521770477295
OrderingTime: 0.9246389865875244
Sum: 1.620591163635254
BuildTime: 818.3333802223206
AllTime: 819.9539713859558
Percentage: 0.2
