CalculatingTime: 0.3557446002960205
OrderingTime: 3.0241079330444336
Sum: 3.379852533340454
BuildTime: 814.4285745620728
AllTime: 817.8084270954132
Percentage: 0.41
