CalculatingTime: 0.6849968433380127
OrderingTime: 0.0001895427703857422
Sum: 0.6851863861083984
BuildTime: 815.7622213363647
AllTime: 816.4474077224731
Percentage: 0.08
