CalculatingTime: 0.6975300312042236
OrderingTime: 0.00018858909606933594
Sum: 0.697718620300293
BuildTime: 819.2591304779053
AllTime: 819.9568490982056
Percentage: 0.09
