CalculatingTime: 0.35297083854675293
OrderingTime: 2.008761167526245
Sum: 2.361732006072998
BuildTime: 818.3696265220642
AllTime: 820.7313585281372
Percentage: 0.29
