CommandTime: 1.186483383178711
AnalysisTime: 0.01858067512512207
CalculatingTime: 0.7208194732666016
OrderingTime: 0.34572720527648926
Sum: 2.271610736846924
BuildTime: 822.0252437591553
AllTime: 824.2968544960022
Percentage: 0.28
