CalculatingTime: 0.39348578453063965
OrderingTime: 1.9136371612548828
Sum: 2.3071229457855225
BuildTime: 815.6339907646179
AllTime: 817.9411137104034
Percentage: 0.28
