CalculatingTime: 0.7083103656768799
OrderingTime: 0.30905604362487793
Sum: 1.0173664093017578
BuildTime: 818.086886882782
AllTime: 819.1042532920837
Percentage: 0.12
