CommandTime: 1.270136833190918
AnalysisTime: 0.017261028289794922
CalculatingTime: 0.7010395526885986
OrderingTime: 0.293912410736084
Sum: 2.2823498249053955
BuildTime: 818.289568901062
AllTime: 820.5719187259674
Percentage: 0.28
