CommandTime: 1.2236347198486328
AnalysisTime: 0.018384933471679688
CalculatingTime: 0.6968657970428467
OrderingTime: 0.20043587684631348
Sum: 2.1393213272094727
BuildTime: 818.4843916893005
AllTime: 820.62371301651
Percentage: 0.26
