CommandTime: 1.2293949127197266
AnalysisTime: 0.01753687858581543
CalculatingTime: 0.668586254119873
OrderingTime: 0.38634777069091797
Sum: 2.301865816116333
BuildTime: 824.2772531509399
AllTime: 826.5791189670563
Percentage: 0.28
