CalculatingTime: 0.7796969413757324
OrderingTime: 0.33229589462280273
Sum: 1.1119928359985352
BuildTime: 813.2784421443939
AllTime: 814.3904349803925
Percentage: 0.14
