CalculatingTime: 0.6907322406768799
OrderingTime: 0.35495591163635254
Sum: 1.0456881523132324
BuildTime: 817.6050894260406
AllTime: 818.6507775783539
Percentage: 0.13
