CommandTime: 1.2060964107513428
AnalysisTime: 0.018546581268310547
CalculatingTime: 0.6872928142547607
OrderingTime: 0.38239049911499023
Sum: 2.2943263053894043
BuildTime: 819.9713532924652
AllTime: 822.2656795978546
Percentage: 0.28
