CommandTime: 1.2414329051971436
AnalysisTime: 0.018216848373413086
CalculatingTime: 0.6816010475158691
OrderingTime: 0.8734707832336426
Sum: 2.8147215843200684
BuildTime: 818.7479429244995
AllTime: 821.5626645088196
Percentage: 0.34
