CalculatingTime: 0.3578011989593506
OrderingTime: 1.6784875392913818
Sum: 2.0362887382507324
BuildTime: 813.4580409526825
AllTime: 815.4943296909332
Percentage: 0.25
