CalculatingTime: 0.68784499168396
OrderingTime: 0.0001957416534423828
Sum: 0.6880407333374023
BuildTime: 816.8653090000153
AllTime: 817.5533497333527
Percentage: 0.08
