CommandTime: 1.2438874244689941
AnalysisTime: 0.01800680160522461
CalculatingTime: 0.6871199607849121
OrderingTime: 0.18860244750976562
Sum: 2.1376166343688965
BuildTime: 823.6560435295105
AllTime: 825.7936601638794
Percentage: 0.26
