CalculatingTime: 0.34264421463012695
OrderingTime: 2.177290201187134
Sum: 2.5199344158172607
BuildTime: 811.8700227737427
AllTime: 814.3899571895599
Percentage: 0.31
