CalculatingTime: 0.7091162204742432
OrderingTime: 0.00018072128295898438
Sum: 0.7092969417572021
BuildTime: 814.5128149986267
AllTime: 815.2221119403839
Percentage: 0.09
