CalculatingTime: 0.23551106452941895
OrderingTime: 0.014286994934082031
Sum: 0.24979805946350098
BuildTime: 88.16688855489095
AllTime: 88.41668661435445
Percentage: 0.28
