CalculatingTime: 0.26563382148742676
OrderingTime: 0.01423192024230957
Sum: 0.27986574172973633
BuildTime: 61.05962610244751
AllTime: 61.339491844177246
Percentage: 0.46
