CalculatingTime: 0.23352813720703125
OrderingTime: 0.014144420623779297
Sum: 0.24767255783081055
BuildTime: 119.78946264584859
AllTime: 120.0371352036794
Percentage: 0.21
