CalculatingTime: 0.28176259994506836
OrderingTime: 0.014852046966552734
Sum: 0.2966146469116211
BuildTime: 82.68962526321411
AllTime: 82.98623991012573
Percentage: 0.36
