CommandTime: 0.7730064392089844
AnalysisTime: 0.012653827667236328
CalculatingTime: 0.5323829650878906
OrderingTime: 0.4325900077819824
Sum: 1.7506332397460938
BuildTime: 28.110655387242634
AllTime: 29.861288626988728
Percentage: 5.86
