CalculatingTime: 0.3020970821380615
OrderingTime: 0.0123138427734375
Sum: 0.314410924911499
BuildTime: 82.49591318766277
AllTime: 82.81032411257426
Percentage: 0.38
