CalculatingTime: 0.2208695411682129
OrderingTime: 0.014399290084838867
Sum: 0.23526883125305176
BuildTime: 76.84085702896118
AllTime: 77.07612586021423
Percentage: 0.31
