CalculatingTime: 0.2525472640991211
OrderingTime: 0.013242959976196289
Sum: 0.2657902240753174
BuildTime: 104.00825484593709
AllTime: 104.2740450700124
Percentage: 0.25
