CommandTime: 0.8328027725219727
AnalysisTime: 0.012955665588378906
CalculatingTime: 0.558784008026123
OrderingTime: 0.2804598808288574
Sum: 1.685002326965332
BuildTime: 28.530996799468994
AllTime: 30.215999126434326
Percentage: 5.58
