CommandTime: 0.7641170024871826
AnalysisTime: 0.012844085693359375
CalculatingTime: 0.5237264633178711
OrderingTime: 0.8386268615722656
Sum: 2.1393144130706787
BuildTime: 27.92934211095174
AllTime: 30.068656524022416
Percentage: 7.11
