CalculatingTime: 0.26891207695007324
OrderingTime: 0.017195701599121094
Sum: 0.28610777854919434
BuildTime: 103.98509661356609
AllTime: 104.27120439211528
Percentage: 0.27
