CalculatingTime: 0.2593870162963867
OrderingTime: 0.013988494873046875
Sum: 0.2733755111694336
BuildTime: 97.55801399548848
AllTime: 97.83138950665791
Percentage: 0.28
