CalculatingTime: 0.24858427047729492
OrderingTime: 0.008064031600952148
Sum: 0.25664830207824707
BuildTime: 87.75030779838562
AllTime: 88.00695610046387
Percentage: 0.29
