CalculatingTime: 0.27461719512939453
OrderingTime: 0.014834403991699219
Sum: 0.28945159912109375
BuildTime: 71.36231104532878
AllTime: 71.65176264444987
Percentage: 0.4
