CommandTime: 0.7844831943511963
AnalysisTime: 0.01156473159790039
CalculatingTime: 0.5187475681304932
OrderingTime: 0.11119246482849121
Sum: 1.425987958908081
BuildTime: 28.193591912587483
AllTime: 29.619579871495564
Percentage: 4.81
