CommandTime: 0.7388997077941895
AnalysisTime: 0.012549877166748047
CalculatingTime: 0.5353593826293945
OrderingTime: 0.30852365493774414
Sum: 1.5953326225280762
BuildTime: 28.207724968592327
AllTime: 29.803057591120403
Percentage: 5.35
