CommandTime: 0.925220251083374
AnalysisTime: 0.013044118881225586
CalculatingTime: 0.526524543762207
OrderingTime: 0.4816312789916992
Sum: 1.9464201927185059
BuildTime: 28.444624662399292
AllTime: 30.391044855117798
Percentage: 6.4
