CommandTime: 0.893972635269165
AnalysisTime: 0.012852191925048828
CalculatingTime: 0.5231420993804932
OrderingTime: 1.155287265777588
Sum: 2.585254192352295
BuildTime: 28.43048858642578
AllTime: 31.015742778778076
Percentage: 8.34
