CalculatingTime: 0.29401445388793945
OrderingTime: 0.01404428482055664
Sum: 0.3080587387084961
BuildTime: 92.93380737304688
AllTime: 93.24186611175537
Percentage: 0.33
