CommandTime: 0.8157835006713867
AnalysisTime: 0.012687206268310547
CalculatingTime: 0.5322840213775635
OrderingTime: 0.347306489944458
Sum: 1.7080612182617188
BuildTime: 22.578832864761353
AllTime: 24.28689408302307
Percentage: 7.03
