CommandTime: 0.8531017303466797
AnalysisTime: 0.012801170349121094
CalculatingTime: 0.5051641464233398
OrderingTime: 0.29758691787719727
Sum: 1.668653964996338
BuildTime: 28.404419263203938
AllTime: 30.073073228200276
Percentage: 5.55
