CommandTime: 0.8643677234649658
AnalysisTime: 0.012894868850708008
CalculatingTime: 0.5318574905395508
OrderingTime: 0.44443535804748535
Sum: 1.85355544090271
BuildTime: 22.987809737523396
AllTime: 24.841365178426106
Percentage: 7.46
