CommandTime: 0.8821268081665039
AnalysisTime: 0.013280630111694336
CalculatingTime: 0.5541105270385742
OrderingTime: 0.25058603286743164
Sum: 1.700103998184204
BuildTime: 17.703027884165447
AllTime: 19.40313188234965
Percentage: 8.76
