CalculatingTime: 0.23885774612426758
OrderingTime: 0.013485908508300781
Sum: 0.25234365463256836
BuildTime: 82.4414058526357
AllTime: 82.69374950726827
Percentage: 0.31
