CommandTime: 0.8078978061676025
AnalysisTime: 0.013633966445922852
CalculatingTime: 0.5274426937103271
OrderingTime: 0.9865279197692871
Sum: 2.3355023860931396
BuildTime: 34.11989029248556
AllTime: 36.4553926785787
Percentage: 6.41
