CalculatingTime: 0.2465808391571045
OrderingTime: 0.013518810272216797
Sum: 0.2600996494293213
BuildTime: 82.50879963239034
AllTime: 82.76889928181966
Percentage: 0.31
