CalculatingTime: 0.26653504371643066
OrderingTime: 0.014914989471435547
Sum: 0.2814500331878662
BuildTime: 98.09719093640645
AllTime: 98.37864096959431
Percentage: 0.29
