CommandTime: 0.7799253463745117
AnalysisTime: 0.012485027313232422
CalculatingTime: 0.5400927066802979
OrderingTime: 0.508420467376709
Sum: 1.840923547744751
BuildTime: 22.637707948684692
AllTime: 24.478631496429443
Percentage: 7.52
