CalculatingTime: 0.2718684673309326
OrderingTime: 0.014565229415893555
Sum: 0.28643369674682617
BuildTime: 93.30735898017883
AllTime: 93.59379267692566
Percentage: 0.31
