CommandTime: 0.8525207042694092
AnalysisTime: 0.01314544677734375
CalculatingTime: 0.49439239501953125
OrderingTime: 0.23304462432861328
Sum: 1.5931031703948975
BuildTime: 39.311792294184364
AllTime: 40.90489546457926
Percentage: 3.89
