CommandTime: 0.814220666885376
AnalysisTime: 0.01316380500793457
CalculatingTime: 0.5504205226898193
OrderingTime: 0.2875549793243408
Sum: 1.6653599739074707
BuildTime: 28.266175905863445
AllTime: 29.931535879770916
Percentage: 5.56
