CalculatingTime: 0.24352097511291504
OrderingTime: 0.012686491012573242
Sum: 0.2562074661254883
BuildTime: 109.38183983167012
AllTime: 109.63804729779561
Percentage: 0.23
