CalculatingTime: 0.2570383548736572
OrderingTime: 0.014562368392944336
Sum: 0.27160072326660156
BuildTime: 93.44640644391377
AllTime: 93.71800716718037
Percentage: 0.29
