CalculatingTime: 0.2518303394317627
OrderingTime: 0.01374506950378418
Sum: 0.2655754089355469
BuildTime: 104.39441768328349
AllTime: 104.65999309221904
Percentage: 0.25
