CommandTime: 0.8036961555480957
AnalysisTime: 0.012871503829956055
CalculatingTime: 0.5286078453063965
OrderingTime: 0.3139467239379883
Sum: 1.6591222286224365
BuildTime: 28.130155722300213
AllTime: 29.78927795092265
Percentage: 5.57
