CalculatingTime: 0.26661205291748047
OrderingTime: 0.012970447540283203
Sum: 0.27958250045776367
BuildTime: 109.36311745643616
AllTime: 109.64269995689392
Percentage: 0.25
