CommandTime: 0.7416062355041504
AnalysisTime: 0.011928796768188477
CalculatingTime: 0.5479438304901123
OrderingTime: 0.4883272647857666
Sum: 1.7898061275482178
BuildTime: 28.021072387695312
AllTime: 29.81087851524353
Percentage: 6.0
