CalculatingTime: 0.24690866470336914
OrderingTime: 0.014623641967773438
Sum: 0.2615323066711426
BuildTime: 77.44817996025085
AllTime: 77.709712266922
Percentage: 0.34
