CommandTime: 0.8680038452148438
AnalysisTime: 0.014003753662109375
CalculatingTime: 0.5176451206207275
OrderingTime: 0.8455462455749512
Sum: 2.245198965072632
BuildTime: 28.27027686436971
AllTime: 30.515475829442337
Percentage: 7.36
