CommandTime: 0.7518987655639648
AnalysisTime: 0.012330055236816406
CalculatingTime: 0.513526201248169
OrderingTime: 0.7132744789123535
Sum: 1.9910295009613037
BuildTime: 28.13372302055359
AllTime: 30.124752521514893
Percentage: 6.61
