CalculatingTime: 0.27419185638427734
OrderingTime: 0.014209270477294922
Sum: 0.28840112686157227
BuildTime: 97.5950395266215
AllTime: 97.88344065348308
Percentage: 0.29
