CommandTime: 0.9047760963439941
AnalysisTime: 0.012756824493408203
CalculatingTime: 0.5433022975921631
OrderingTime: 0.50551438331604
Sum: 1.9663496017456055
BuildTime: 33.97749710083008
AllTime: 35.943846702575684
Percentage: 5.47
