CommandTime: 0.8887062072753906
AnalysisTime: 0.013402938842773438
CalculatingTime: 0.552311897277832
OrderingTime: 0.2922208309173584
Sum: 1.7466418743133545
BuildTime: 28.57006812095642
AllTime: 30.316709995269775
Percentage: 5.76
