CommandTime: 0.8400523662567139
AnalysisTime: 0.013599872589111328
CalculatingTime: 0.5385665893554688
OrderingTime: 0.4653358459472656
Sum: 1.8575546741485596
BuildTime: 28.358607689539593
AllTime: 30.216162363688156
Percentage: 6.15
