CommandTime: 0.7968769073486328
AnalysisTime: 0.012880325317382812
CalculatingTime: 0.5406584739685059
OrderingTime: 0.17466259002685547
Sum: 1.525078296661377
BuildTime: 22.467329502105713
AllTime: 23.99240779876709
Percentage: 6.36
