CalculatingTime: 0.25324344635009766
OrderingTime: 0.013708114624023438
Sum: 0.2669515609741211
BuildTime: 104.1077942053477
AllTime: 104.37474576632182
Percentage: 0.26
