CalculatingTime: 0.28693509101867676
OrderingTime: 0.014696121215820312
Sum: 0.30163121223449707
BuildTime: 71.89912184079488
AllTime: 72.20075305302937
Percentage: 0.42
