CommandTime: 0.8368353843688965
AnalysisTime: 0.013100385665893555
CalculatingTime: 0.5112800598144531
OrderingTime: 0.5265259742736816
Sum: 1.8877418041229248
BuildTime: 22.969728151957195
AllTime: 24.85746995608012
Percentage: 7.59
