CommandTime: 0.7899441719055176
AnalysisTime: 0.01320791244506836
CalculatingTime: 0.5281622409820557
OrderingTime: 0.43608641624450684
Sum: 1.7674007415771484
BuildTime: 28.247340122858684
AllTime: 30.014740864435833
Percentage: 5.89
