CommandTime: 0.7971458435058594
AnalysisTime: 0.012709617614746094
CalculatingTime: 0.503098726272583
OrderingTime: 1.0647320747375488
Sum: 2.3776862621307373
BuildTime: 22.54396192232768
AllTime: 24.921648184458416
Percentage: 9.54
