CalculatingTime: 0.30022358894348145
OrderingTime: 0.01202535629272461
Sum: 0.31224894523620605
BuildTime: 87.60844286282857
AllTime: 87.92069180806477
Percentage: 0.36
