CalculatingTime: 0.25343823432922363
OrderingTime: 0.011813879013061523
Sum: 0.26525211334228516
BuildTime: 109.21383619308472
AllTime: 109.479088306427
Percentage: 0.24
