CommandTime: 0.7764804363250732
AnalysisTime: 0.013202428817749023
CalculatingTime: 0.47284674644470215
OrderingTime: 0.7105813026428223
Sum: 1.9731109142303467
BuildTime: 28.256943941116333
AllTime: 30.23005485534668
Percentage: 6.53
