CommandTime: 0.9031848907470703
AnalysisTime: 0.012725591659545898
CalculatingTime: 0.4966280460357666
OrderingTime: 0.9397733211517334
Sum: 2.352311849594116
BuildTime: 28.426389773686726
AllTime: 30.77870162328084
Percentage: 7.64
