CalculatingTime: 0.2518923282623291
OrderingTime: 0.011587381362915039
Sum: 0.26347970962524414
BuildTime: 76.83444817860921
AllTime: 77.09792788823445
Percentage: 0.34
