CalculatingTime: 0.24494123458862305
OrderingTime: 0.014450788497924805
Sum: 0.25939202308654785
BuildTime: 93.05633838971455
AllTime: 93.3157304128011
Percentage: 0.28
