CommandTime: 0.7764523029327393
AnalysisTime: 0.012773513793945312
CalculatingTime: 0.5475583076477051
OrderingTime: 0.6607851982116699
Sum: 1.9975693225860596
BuildTime: 28.04653310775757
AllTime: 30.044102430343628
Percentage: 6.65
