CommandTime: 0.7409656047821045
AnalysisTime: 0.012592315673828125
CalculatingTime: 0.5248277187347412
OrderingTime: 0.5195045471191406
Sum: 1.7978901863098145
BuildTime: 22.57021991411845
AllTime: 24.368110100428265
Percentage: 7.38
