CalculatingTime: 0.24369406700134277
OrderingTime: 0.014233589172363281
Sum: 0.25792765617370605
BuildTime: 76.90682101249695
AllTime: 77.16474866867065
Percentage: 0.33
