CommandTime: 0.8007969856262207
AnalysisTime: 0.013470888137817383
CalculatingTime: 0.5176084041595459
OrderingTime: 0.16743111610412598
Sum: 1.49930739402771
BuildTime: 28.16336488723755
AllTime: 29.66267228126526
Percentage: 5.05
