CalculatingTime: 0.25536155700683594
OrderingTime: 0.013989925384521484
Sum: 0.2693514823913574
BuildTime: 77.40205589930217
AllTime: 77.67140738169353
Percentage: 0.35
