CalculatingTime: 0.24707865715026855
OrderingTime: 0.010539770126342773
Sum: 0.25761842727661133
BuildTime: 98.58496411641438
AllTime: 98.842582543691
Percentage: 0.26
