CalculatingTime: 0.24003815650939941
OrderingTime: 0.013793706893920898
Sum: 0.2538318634033203
BuildTime: 92.90578492482503
AllTime: 93.15961678822835
Percentage: 0.27
