CommandTime: 0.8068399429321289
AnalysisTime: 0.013594865798950195
CalculatingTime: 0.5263280868530273
OrderingTime: 0.128706693649292
Sum: 1.4754695892333984
BuildTime: 22.956184943517048
AllTime: 24.431654532750446
Percentage: 6.04
