CalculatingTime: 3.7173759937286377
OrderingTime: 0.18232512474060059
Sum: 3.8997011184692383
BuildTime: 33.88225722312927
AllTime: 37.78195834159851
Percentage: 10.32
