CalculatingTime: 3.4664306640625
OrderingTime: 0.1727147102355957
Sum: 3.6391453742980957
BuildTime: 33.53014866511027
AllTime: 37.16929403940836
Percentage: 9.79
