CommandTime: 0.9132790565490723
AnalysisTime: 0.10763287544250488
CalculatingTime: 5.973883867263794
OrderingTime: 0.06735968589782715
Sum: 7.062155485153198
BuildTime: 33.08047421773275
AllTime: 40.14262970288595
Percentage: 17.59
