CalculatingTime: 3.5635602474212646
OrderingTime: 0.16161608695983887
Sum: 3.7251763343811035
BuildTime: 33.78195834159851
AllTime: 37.507134675979614
Percentage: 9.93
