CommandTime: 0.9276218414306641
AnalysisTime: 0.09887313842773438
CalculatingTime: 5.809369802474976
OrderingTime: 0.04780864715576172
Sum: 6.883673429489136
BuildTime: 33.45583017667135
AllTime: 40.339503606160484
Percentage: 17.06
