CommandTime: 0.9451098442077637
AnalysisTime: 0.1084599494934082
CalculatingTime: 6.915952205657959
OrderingTime: 0.1446375846862793
Sum: 8.11415958404541
BuildTime: 33.16111739476522
AllTime: 41.27527697881063
Percentage: 19.66
