CalculatingTime: 3.6176788806915283
OrderingTime: 0.19079089164733887
Sum: 3.808469772338867
BuildTime: 33.31246026357015
AllTime: 37.12093003590902
Percentage: 10.26
