CommandTime: 0.9339768886566162
AnalysisTime: 0.10891985893249512
CalculatingTime: 6.113928318023682
OrderingTime: 0.04426836967468262
Sum: 7.201093435287476
BuildTime: 33.25256482760111
AllTime: 40.45365826288859
Percentage: 17.8
