CalculatingTime: 3.4960970878601074
OrderingTime: 0.17540574073791504
Sum: 3.6715028285980225
BuildTime: 33.30216193199158
AllTime: 36.9736647605896
Percentage: 9.93
