CalculatingTime: 3.6290273666381836
OrderingTime: 0.18814730644226074
Sum: 3.8171746730804443
BuildTime: 32.92926422754923
AllTime: 36.74643890062968
Percentage: 10.39
