CommandTime: 0.9436564445495605
AnalysisTime: 0.10570764541625977
CalculatingTime: 5.990057945251465
OrderingTime: 0.13047528266906738
Sum: 7.1698973178863525
BuildTime: 33.12862626711527
AllTime: 40.298523585001625
Percentage: 17.79
