CalculatingTime: 3.673105478286743
OrderingTime: 0.18758416175842285
Sum: 3.860689640045166
BuildTime: 33.21807281176249
AllTime: 37.078762451807656
Percentage: 10.41
