CommandTime: 0.940784215927124
AnalysisTime: 0.10576510429382324
CalculatingTime: 5.809483766555786
OrderingTime: 0.04696393013000488
Sum: 6.902997016906738
BuildTime: 33.182445446650185
AllTime: 40.08544246355692
Percentage: 17.22
