CalculatingTime: 3.5827150344848633
OrderingTime: 0.17432451248168945
Sum: 3.7570395469665527
BuildTime: 32.93353843688965
AllTime: 36.6905779838562
Percentage: 10.24
