CommandTime: 0.9350183010101318
AnalysisTime: 0.10359382629394531
CalculatingTime: 5.728731870651245
OrderingTime: 0.09284234046936035
Sum: 6.860186338424683
BuildTime: 33.28336524963379
AllTime: 40.14355158805847
Percentage: 17.09
