CalculatingTime: 3.5468177795410156
OrderingTime: 0.17373299598693848
Sum: 3.720550775527954
BuildTime: 33.15886362393697
AllTime: 36.87941439946493
Percentage: 10.09
