CommandTime: 0.9277408123016357
AnalysisTime: 0.10851597785949707
CalculatingTime: 6.105775594711304
OrderingTime: 0.05121564865112305
Sum: 7.19324803352356
BuildTime: 33.06512554486593
AllTime: 40.25837357838949
Percentage: 17.87
