CalculatingTime: 3.7240641117095947
OrderingTime: 0.17485570907592773
Sum: 3.8989198207855225
BuildTime: 34.07827830314636
AllTime: 37.977198123931885
Percentage: 10.27
