CalculatingTime: 3.69386887550354
OrderingTime: 0.1867518424987793
Sum: 3.8806207180023193
BuildTime: 33.359405199686684
AllTime: 37.240025917689
Percentage: 10.42
