CommandTime: 0.9263746738433838
AnalysisTime: 0.10222887992858887
CalculatingTime: 5.803468942642212
OrderingTime: 0.07001781463623047
Sum: 6.902090311050415
BuildTime: 33.26125248273214
AllTime: 40.163342793782554
Percentage: 17.19
