CommandTime: 0.9204123020172119
AnalysisTime: 0.10167956352233887
CalculatingTime: 5.880319833755493
OrderingTime: 0.1561572551727295
Sum: 7.058568954467773
BuildTime: 33.138445695241295
AllTime: 40.19701464970907
Percentage: 17.56
