CalculatingTime: 3.6303329467773438
OrderingTime: 0.16828584671020508
Sum: 3.798618793487549
BuildTime: 33.35794766743978
AllTime: 37.15656646092733
Percentage: 10.22
