CalculatingTime: 3.6424052715301514
OrderingTime: 0.18587327003479004
Sum: 3.8282785415649414
BuildTime: 34.199911753336586
AllTime: 38.02819029490153
Percentage: 10.07
