CalculatingTime: 3.398940086364746
OrderingTime: 0.17546939849853516
Sum: 3.5744094848632812
BuildTime: 33.14771342277527
AllTime: 36.72212290763855
Percentage: 9.73
