CalculatingTime: 3.580265998840332
OrderingTime: 0.17281723022460938
Sum: 3.7530832290649414
BuildTime: 33.650201876958214
AllTime: 37.403285106023155
Percentage: 10.03
