CalculatingTime: 3.645352840423584
OrderingTime: 0.17594480514526367
Sum: 3.8212976455688477
BuildTime: 33.558280070622764
AllTime: 37.37957771619161
Percentage: 10.22
