CalculatingTime: 3.59169340133667
OrderingTime: 0.17043399810791016
Sum: 3.76212739944458
BuildTime: 33.03513860702515
AllTime: 36.79726600646973
Percentage: 10.22
