CalculatingTime: 3.7577357292175293
OrderingTime: 0.16367483139038086
Sum: 3.92141056060791
BuildTime: 33.47471046447754
AllTime: 37.39612102508545
Percentage: 10.49
