CommandTime: 0.9190032482147217
AnalysisTime: 0.10468316078186035
CalculatingTime: 5.819372653961182
OrderingTime: 0.07383441925048828
Sum: 6.916893482208252
BuildTime: 33.63811977704366
AllTime: 40.555013259251915
Percentage: 17.06
