CommandTime: 0.9619174003601074
AnalysisTime: 0.11016249656677246
CalculatingTime: 5.920090675354004
OrderingTime: 0.06935954093933105
Sum: 7.061530113220215
BuildTime: 33.08238164583842
AllTime: 40.14391175905863
Percentage: 17.59
