CalculatingTime: 3.5446221828460693
OrderingTime: 0.17644453048706055
Sum: 3.72106671333313
BuildTime: 33.18897247314453
AllTime: 36.91003918647766
Percentage: 10.08
