CalculatingTime: 3.625934600830078
OrderingTime: 0.1795041561126709
Sum: 3.805438756942749
BuildTime: 34.632052183151245
AllTime: 38.437490940093994
Percentage: 9.9
