CommandTime: 0.9332244396209717
AnalysisTime: 0.10405802726745605
CalculatingTime: 5.862736940383911
OrderingTime: 0.04657602310180664
Sum: 6.9465954303741455
BuildTime: 33.22865478197733
AllTime: 40.17525021235148
Percentage: 17.29
