CalculatingTime: 3.4892592430114746
OrderingTime: 0.16306495666503906
Sum: 3.6523241996765137
BuildTime: 33.150235414505005
AllTime: 36.80255961418152
Percentage: 9.92
