CalculatingTime: 3.698333978652954
OrderingTime: 0.18036770820617676
Sum: 3.878701686859131
BuildTime: 33.237363497416176
AllTime: 37.11606518427531
Percentage: 10.45
