CalculatingTime: 3.551994562149048
OrderingTime: 0.174607515335083
Sum: 3.726602077484131
BuildTime: 32.9397140343984
AllTime: 36.66631611188253
Percentage: 10.16
