CommandTime: 0.9655494689941406
AnalysisTime: 0.10280513763427734
CalculatingTime: 5.983081102371216
OrderingTime: 0.046460628509521484
Sum: 7.097896337509155
BuildTime: 33.63783836364746
AllTime: 40.735734701156616
Percentage: 17.42
