CommandTime: 0.931769609451294
AnalysisTime: 0.11046266555786133
CalculatingTime: 5.978877067565918
OrderingTime: 0.08968949317932129
Sum: 7.1107988357543945
BuildTime: 33.4756650129954
AllTime: 40.586463848749794
Percentage: 17.52
