CommandTime: 0.9201381206512451
AnalysisTime: 0.10621213912963867
CalculatingTime: 6.183115243911743
OrderingTime: 0.11528825759887695
Sum: 7.324753761291504
BuildTime: 34.207683165868126
AllTime: 41.53243692715963
Percentage: 17.64
