CommandTime: 0.9747564792633057
AnalysisTime: 0.10462379455566406
CalculatingTime: 6.303170919418335
OrderingTime: 0.1476883888244629
Sum: 7.530239582061768
BuildTime: 33.05897585550944
AllTime: 40.589215437571205
Percentage: 18.55
