CalculatingTime: 3.8214118480682373
OrderingTime: 0.18266725540161133
Sum: 4.004079103469849
BuildTime: 33.07469725608826
AllTime: 37.078776359558105
Percentage: 10.8
