CommandTime: 0.9620461463928223
AnalysisTime: 0.10428023338317871
CalculatingTime: 5.373262405395508
OrderingTime: 0.36573028564453125
Sum: 6.80531907081604
BuildTime: 33.43922313054403
AllTime: 40.24454220136007
Percentage: 16.91
