CommandTime: 0.9142563343048096
AnalysisTime: 0.11369585990905762
CalculatingTime: 6.002514362335205
OrderingTime: 0.08437657356262207
Sum: 7.114843130111694
BuildTime: 33.29022765159607
AllTime: 40.405070781707764
Percentage: 17.61
