CommandTime: 0.9669444561004639
AnalysisTime: 0.10345339775085449
CalculatingTime: 6.164235591888428
OrderingTime: 0.11274981498718262
Sum: 7.347383260726929
BuildTime: 32.987616300582886
AllTime: 40.334999561309814
Percentage: 18.22
