CommandTime: 0.9588124752044678
AnalysisTime: 0.1099247932434082
CalculatingTime: 6.682256460189819
OrderingTime: 0.14769196510314941
Sum: 7.898685693740845
BuildTime: 34.09480198224386
AllTime: 41.9934876759847
Percentage: 18.81
