CommandTime: 0.9280450344085693
AnalysisTime: 0.10426855087280273
CalculatingTime: 5.744992971420288
OrderingTime: 0.18852972984313965
Sum: 6.9658362865448
BuildTime: 33.65592352549235
AllTime: 40.62175981203715
Percentage: 17.15
