CommandTime: 0.9137270450592041
AnalysisTime: 0.10197114944458008
CalculatingTime: 5.981196641921997
OrderingTime: 0.07190942764282227
Sum: 7.0688042640686035
BuildTime: 32.93561387062073
AllTime: 40.00441813468933
Percentage: 17.67
