CalculatingTime: 3.6856324672698975
OrderingTime: 0.18919730186462402
Sum: 3.8748297691345215
BuildTime: 33.2328622341156
AllTime: 37.10769200325012
Percentage: 10.44
