CommandTime: 0.9405944347381592
AnalysisTime: 0.11021113395690918
CalculatingTime: 6.356887340545654
OrderingTime: 0.15339899063110352
Sum: 7.561091899871826
BuildTime: 33.15276805559794
AllTime: 40.713859955469765
Percentage: 18.57
