CalculatingTime: 3.4378654956817627
OrderingTime: 0.17516207695007324
Sum: 3.613027572631836
BuildTime: 32.90277783075968
AllTime: 36.51580540339152
Percentage: 9.89
