CommandTime: 0.9601755142211914
AnalysisTime: 0.10966253280639648
CalculatingTime: 6.2999937534332275
OrderingTime: 0.09941816329956055
Sum: 7.469249963760376
BuildTime: 33.32634131113688
AllTime: 40.795591274897255
Percentage: 18.31
