CommandTime: 0.9264397621154785
AnalysisTime: 0.1063082218170166
CalculatingTime: 6.243192672729492
OrderingTime: 0.049047231674194336
Sum: 7.324987888336182
BuildTime: 33.60378893216451
AllTime: 40.928776820500694
Percentage: 17.9
