CalculatingTime: 3.521103620529175
OrderingTime: 0.17345213890075684
Sum: 3.6945557594299316
BuildTime: 33.11688772837321
AllTime: 36.81144348780314
Percentage: 10.04
