CalculatingTime: 3.8671207427978516
OrderingTime: 0.1872241497039795
Sum: 4.054344892501831
BuildTime: 33.963806549708046
AllTime: 38.01815144220988
Percentage: 10.66
