CommandTime: 0.9274020195007324
AnalysisTime: 0.10609722137451172
CalculatingTime: 6.2074384689331055
OrderingTime: 0.07261276245117188
Sum: 7.3135504722595215
BuildTime: 33.99961884816488
AllTime: 41.3131693204244
Percentage: 17.7
