CommandTime: 0.9391369819641113
AnalysisTime: 0.10865163803100586
CalculatingTime: 6.14151930809021
OrderingTime: 0.1275472640991211
Sum: 7.316855192184448
BuildTime: 32.97812263170878
AllTime: 40.29497782389323
Percentage: 18.16
