CalculatingTime: 3.5155553817749023
OrderingTime: 0.16600251197814941
Sum: 3.6815578937530518
BuildTime: 33.198527097702026
AllTime: 36.88008499145508
Percentage: 9.98
