CommandTime: 0.9436960220336914
AnalysisTime: 0.10720014572143555
CalculatingTime: 5.858572483062744
OrderingTime: 0.06287670135498047
Sum: 6.972345352172852
BuildTime: 33.00261799494425
AllTime: 39.974963347117104
Percentage: 17.44
