CommandTime: 0.9280142784118652
AnalysisTime: 0.10508871078491211
CalculatingTime: 5.578397274017334
OrderingTime: 0.05675053596496582
Sum: 6.668250799179077
BuildTime: 33.18103051185608
AllTime: 39.849281311035156
Percentage: 16.73
