CalculatingTime: 3.5670692920684814
OrderingTime: 0.17417192459106445
Sum: 3.741241216659546
BuildTime: 33.19449210166931
AllTime: 36.93573331832886
Percentage: 10.13
