CalculatingTime: 7.396420478820801
OrderingTime: 2.9903314113616943
Sum: 10.386751890182495
BuildTime: 169.5529911518097
AllTime: 179.9397430419922
Percentage: 5.77
