CommandTime: 4.25368857383728
AnalysisTime: 0.2044544219970703
CalculatingTime: 7.9145262241363525
OrderingTime: 1.274998664855957
Sum: 13.64766788482666
BuildTime: 133.91582369804382
AllTime: 147.56349158287048
Percentage: 9.25
