CalculatingTime: 7.182173252105713
OrderingTime: 0.00021004676818847656
Sum: 7.182383298873901
BuildTime: 149.50753951072693
AllTime: 156.68992280960083
Percentage: 4.58
