CommandTime: 4.271900415420532
AnalysisTime: 0.19974231719970703
CalculatingTime: 8.046711206436157
OrderingTime: 1.6102027893066406
Sum: 14.128556728363037
BuildTime: 100.69551253318787
AllTime: 114.8240692615509
Percentage: 12.3
