CalculatingTime: 7.7954113483428955
OrderingTime: 1.5824642181396484
Sum: 9.377875566482544
BuildTime: 193.98822665214539
AllTime: 203.36610221862793
Percentage: 4.61
