CalculatingTime: 7.736603021621704
OrderingTime: 0.0002300739288330078
Sum: 7.736833095550537
BuildTime: 81.63626599311829
AllTime: 89.37309908866882
Percentage: 8.66
