CommandTime: 4.279160499572754
AnalysisTime: 0.19825291633605957
CalculatingTime: 7.809186935424805
OrderingTime: 0.9293544292449951
Sum: 13.215954780578613
BuildTime: 100.1729347705841
AllTime: 113.38888955116272
Percentage: 11.66
