CalculatingTime: 3.380582094192505
OrderingTime: 0.8746795654296875
Sum: 4.255261659622192
BuildTime: 155.06205558776855
AllTime: 159.31731724739075
Percentage: 2.67
