CalculatingTime: 7.875485420227051
OrderingTime: 0.00013709068298339844
Sum: 7.875622510910034
BuildTime: 81.34841227531433
AllTime: 89.22403478622437
Percentage: 8.83
