CalculatingTime: 7.915682077407837
OrderingTime: 1.8846843242645264
Sum: 9.800366401672363
BuildTime: 196.2623496055603
AllTime: 206.06271600723267
Percentage: 4.76
