CalculatingTime: 3.280686378479004
OrderingTime: 1.0474679470062256
Sum: 4.3281543254852295
BuildTime: 129.76277470588684
AllTime: 134.09092903137207
Percentage: 3.23
