CalculatingTime: 7.455176115036011
OrderingTime: 0.7736227512359619
Sum: 8.228798866271973
BuildTime: 216.19823145866394
AllTime: 224.4270303249359
Percentage: 3.67
