CommandTime: 4.323956251144409
AnalysisTime: 0.20411062240600586
CalculatingTime: 8.428710222244263
OrderingTime: 1.126476764678955
Sum: 14.083253860473633
BuildTime: 79.43492221832275
AllTime: 93.51817607879639
Percentage: 15.06
