CalculatingTime: 3.3958799839019775
OrderingTime: 0.5053198337554932
Sum: 3.9011998176574707
BuildTime: 168.82883524894714
AllTime: 172.73003506660461
Percentage: 2.26
