CalculatingTime: 8.018287181854248
OrderingTime: 0.00023245811462402344
Sum: 8.018519639968872
BuildTime: 80.54234099388123
AllTime: 88.5608606338501
Percentage: 9.05
