CalculatingTime: 7.590618133544922
OrderingTime: 0.0002503395080566406
Sum: 7.5908684730529785
BuildTime: 98.5820152759552
AllTime: 106.17288374900818
Percentage: 7.15
