CalculatingTime: 3.2833688259124756
OrderingTime: 0.7347803115844727
Sum: 4.018149137496948
BuildTime: 129.60164093971252
AllTime: 133.61979007720947
Percentage: 3.01
