CalculatingTime: 7.562439918518066
OrderingTime: 0.00020647048950195312
Sum: 7.562646389007568
BuildTime: 84.61238193511963
AllTime: 92.1750283241272
Percentage: 8.2
