CalculatingTime: 7.589425086975098
OrderingTime: 2.455826997756958
Sum: 10.045252084732056
BuildTime: 135.71385288238525
AllTime: 145.7591049671173
Percentage: 6.89
