CalculatingTime: 7.426989555358887
OrderingTime: 0.00021648406982421875
Sum: 7.427206039428711
BuildTime: 179.28842282295227
AllTime: 186.71562886238098
Percentage: 3.98
