CommandTime: 4.2184669971466064
AnalysisTime: 0.2029728889465332
CalculatingTime: 8.497974634170532
OrderingTime: 0.6269240379333496
Sum: 13.546338558197021
BuildTime: 82.75644445419312
AllTime: 96.30278301239014
Percentage: 14.07
