CommandTime: 4.292276620864868
AnalysisTime: 0.20260953903198242
CalculatingTime: 8.114001750946045
OrderingTime: 0.7166507244110107
Sum: 13.325538635253906
BuildTime: 82.49475812911987
AllTime: 95.82029676437378
Percentage: 13.91
