CalculatingTime: 7.240992546081543
OrderingTime: 1.0915606021881104
Sum: 8.332553148269653
BuildTime: 141.30531477928162
AllTime: 149.63786792755127
Percentage: 5.57
