CalculatingTime: 3.4145286083221436
OrderingTime: 1.157973289489746
Sum: 4.57250189781189
BuildTime: 168.6623547077179
AllTime: 173.23485660552979
Percentage: 2.64
