CalculatingTime: 3.2148892879486084
OrderingTime: 1.2179858684539795
Sum: 4.432875156402588
BuildTime: 129.82763600349426
AllTime: 134.26051115989685
Percentage: 3.3
