CalculatingTime: 7.874513387680054
OrderingTime: 0.6748855113983154
Sum: 8.54939889907837
BuildTime: 97.8493766784668
AllTime: 106.39877557754517
Percentage: 8.04
