CommandTime: 4.930514335632324
AnalysisTime: 0.20569777488708496
CalculatingTime: 7.746043920516968
OrderingTime: 1.2860348224639893
Sum: 14.168290853500366
BuildTime: 101.19725942611694
AllTime: 115.36555027961731
Percentage: 12.28
