CalculatingTime: 3.4810094833374023
OrderingTime: 0.34527087211608887
Sum: 3.826280355453491
BuildTime: 400.2284278869629
AllTime: 404.0547082424164
Percentage: 0.95
