CalculatingTime: 8.094456195831299
OrderingTime: 0.0002455711364746094
Sum: 8.094701766967773
BuildTime: 80.44316530227661
AllTime: 88.53786706924438
Percentage: 9.14
