CommandTime: 4.678423166275024
AnalysisTime: 0.20456624031066895
CalculatingTime: 7.759646415710449
OrderingTime: 0.8878040313720703
Sum: 13.530439853668213
BuildTime: 86.67626667022705
AllTime: 100.20670652389526
Percentage: 13.5
