CommandTime: 4.282506704330444
AnalysisTime: 0.2088620662689209
CalculatingTime: 7.951455354690552
OrderingTime: 2.092489719390869
Sum: 14.535313844680786
BuildTime: 82.00491762161255
AllTime: 96.54023146629333
Percentage: 15.06
