CalculatingTime: 7.371081113815308
OrderingTime: 2.2958781719207764
Sum: 9.666959285736084
BuildTime: 148.23708939552307
AllTime: 157.90404868125916
Percentage: 6.12
