CalculatingTime: 3.3686888217926025
OrderingTime: 0.3031289577484131
Sum: 3.6718177795410156
BuildTime: 143.8176622390747
AllTime: 147.48948001861572
Percentage: 2.49
