CalculatingTime: 3.286059617996216
OrderingTime: 0.38574862480163574
Sum: 3.6718082427978516
BuildTime: 179.46348547935486
AllTime: 183.1352937221527
Percentage: 2.0
