CommandTime: 5.030203819274902
AnalysisTime: 0.20786714553833008
CalculatingTime: 7.892805576324463
OrderingTime: 1.0832979679107666
Sum: 14.214174509048462
BuildTime: 135.09821224212646
AllTime: 149.31238675117493
Percentage: 9.52
