CommandTime: 4.18126916885376
AnalysisTime: 0.21303009986877441
CalculatingTime: 8.336161613464355
OrderingTime: 0.5773146152496338
Sum: 13.307775497436523
BuildTime: 83.59995341300964
AllTime: 96.90772891044617
Percentage: 13.73
