CalculatingTime: 3.568807363510132
OrderingTime: 1.1696608066558838
Sum: 4.738468170166016
BuildTime: 98.19557571411133
AllTime: 102.93404388427734
Percentage: 4.6
