CommandTime: 4.406792640686035
AnalysisTime: 0.20914959907531738
CalculatingTime: 7.969583988189697
OrderingTime: 1.3331921100616455
Sum: 13.918718338012695
BuildTime: 134.44572710990906
AllTime: 148.36444544792175
Percentage: 9.38
