CalculatingTime: 7.7018046379089355
OrderingTime: 0.00020933151245117188
Sum: 7.702013969421387
BuildTime: 131.8537471294403
AllTime: 139.5557610988617
Percentage: 5.52
