CalculatingTime: 3.4922935962677
OrderingTime: 0.559553861618042
Sum: 4.051847457885742
BuildTime: 143.9502580165863
AllTime: 148.00210547447205
Percentage: 2.74
