CalculatingTime: 7.69855260848999
OrderingTime: 0.0002338886260986328
Sum: 7.698786497116089
BuildTime: 84.46259236335754
AllTime: 92.16137886047363
Percentage: 8.35
