CalculatingTime: 7.784974575042725
OrderingTime: 0.00018858909606933594
Sum: 7.785163164138794
BuildTime: 95.28737497329712
AllTime: 103.07253813743591
Percentage: 7.55
