CalculatingTime: 7.404623508453369
OrderingTime: 2.3288843631744385
Sum: 9.733507871627808
BuildTime: 749.3174750804901
AllTime: 759.0509829521179
Percentage: 1.28
