CalculatingTime: 7.476099014282227
OrderingTime: 2.0303092002868652
Sum: 9.506408214569092
BuildTime: 147.39670705795288
AllTime: 156.90311527252197
Percentage: 6.06
