CalculatingTime: 7.379534482955933
OrderingTime: 0.9824292659759521
Sum: 8.361963748931885
BuildTime: 181.81405115127563
AllTime: 190.17601490020752
Percentage: 4.4
