CalculatingTime: 7.863831043243408
OrderingTime: 0.00021195411682128906
Sum: 7.8640429973602295
BuildTime: 80.39367938041687
AllTime: 88.2577223777771
Percentage: 8.91
