CalculatingTime: 7.656731843948364
OrderingTime: 0.000225067138671875
Sum: 7.656956911087036
BuildTime: 77.05111479759216
AllTime: 84.7080717086792
Percentage: 9.04
