CalculatingTime: 7.388351678848267
OrderingTime: 1.0969164371490479
Sum: 8.485268115997314
BuildTime: 161.6312379837036
AllTime: 170.11650609970093
Percentage: 4.99
