CalculatingTime: 3.3751368522644043
OrderingTime: 0.7368340492248535
Sum: 4.111970901489258
BuildTime: 116.1466908454895
AllTime: 120.25866174697876
Percentage: 3.42
