CalculatingTime: 7.570477247238159
OrderingTime: 1.558518648147583
Sum: 9.128995895385742
BuildTime: 174.4127380847931
AllTime: 183.54173398017883
Percentage: 4.97
