CalculatingTime: 7.499290943145752
OrderingTime: 0.0002346038818359375
Sum: 7.499525547027588
BuildTime: 130.96238899230957
AllTime: 138.46191453933716
Percentage: 5.42
