CalculatingTime: 7.931629419326782
OrderingTime: 0.00020837783813476562
Sum: 7.931837797164917
BuildTime: 80.09779644012451
AllTime: 88.02963423728943
Percentage: 9.01
