CalculatingTime: 3.567359685897827
OrderingTime: 0.3649251461029053
Sum: 3.9322848320007324
BuildTime: 192.78159976005554
AllTime: 196.71388459205627
Percentage: 2.0
