CalculatingTime: 3.446323871612549
OrderingTime: 1.0258543491363525
Sum: 4.472178220748901
BuildTime: 294.171719789505
AllTime: 298.6438980102539
Percentage: 1.5
