CalculatingTime: 7.9033424854278564
OrderingTime: 0.0002148151397705078
Sum: 7.903557300567627
BuildTime: 76.9512026309967
AllTime: 84.85475993156433
Percentage: 9.31
