CommandTime: 4.900103330612183
AnalysisTime: 0.20995712280273438
CalculatingTime: 8.38312840461731
OrderingTime: 0.7154314517974854
Sum: 14.208620309829712
BuildTime: 82.88482761383057
AllTime: 97.09344792366028
Percentage: 14.63
