CommandTime: 4.228434085845947
AnalysisTime: 0.20424842834472656
CalculatingTime: 8.26108193397522
OrderingTime: 0.2499992847442627
Sum: 12.943763732910156
BuildTime: 82.44835209846497
AllTime: 95.39211583137512
Percentage: 13.57
