CalculatingTime: 7.554195880889893
OrderingTime: 0.6838550567626953
Sum: 8.238050937652588
BuildTime: 247.56734657287598
AllTime: 255.80539751052856
Percentage: 3.22
