CalculatingTime: 7.267961263656616
OrderingTime: 1.2183244228363037
Sum: 8.48628568649292
BuildTime: 743.7095003128052
AllTime: 752.1957859992981
Percentage: 1.13
