CalculatingTime: 3.475001573562622
OrderingTime: 1.2183661460876465
Sum: 4.6933677196502686
BuildTime: 264.71523118019104
AllTime: 269.4085988998413
Percentage: 1.74
