CommandTime: 4.532763242721558
AnalysisTime: 0.21693944931030273
CalculatingTime: 8.260958671569824
OrderingTime: 0.9502766132354736
Sum: 13.960937976837158
BuildTime: 100.60551166534424
AllTime: 114.5664496421814
Percentage: 12.19
