CalculatingTime: 7.272564649581909
OrderingTime: 1.7400739192962646
Sum: 9.012638568878174
BuildTime: 734.7262024879456
AllTime: 743.7388410568237
Percentage: 1.21
