CalculatingTime: 3.3746769428253174
OrderingTime: 0.5626406669616699
Sum: 3.9373176097869873
BuildTime: 427.81536531448364
AllTime: 431.75268292427063
Percentage: 0.91
