CommandTime: 4.371258020401001
AnalysisTime: 0.21152925491333008
CalculatingTime: 7.86715030670166
OrderingTime: 0.6767232418060303
Sum: 13.126660823822021
BuildTime: 134.43906712532043
AllTime: 147.56572794914246
Percentage: 8.9
