CalculatingTime: 0.3293294906616211
OrderingTime: 0.0002300739288330078
Sum: 0.3295595645904541
BuildTime: 388.37320852279663
AllTime: 388.7027680873871
Percentage: 0.08
