CalculatingTime: 0.270094633102417
OrderingTime: 1.1564319133758545
Sum: 1.4265265464782715
BuildTime: 624.7153913974762
AllTime: 626.1419179439545
Percentage: 0.23
