CommandTime: 1.0511982440948486
AnalysisTime: 0.012636184692382812
CalculatingTime: 0.3217613697052002
OrderingTime: 0.3172128200531006
Sum: 1.7028086185455322
BuildTime: 300.6171634197235
AllTime: 302.31997203826904
Percentage: 0.56
