CalculatingTime: 0.19401216506958008
OrderingTime: 0.1565253734588623
Sum: 0.3505375385284424
BuildTime: 360.3912489414215
AllTime: 360.74178647994995
Percentage: 0.1
