CommandTime: 1.066136121749878
AnalysisTime: 0.010415077209472656
CalculatingTime: 0.3168344497680664
OrderingTime: 0.29486560821533203
Sum: 1.688251256942749
BuildTime: 388.7636203765869
AllTime: 390.45187163352966
Percentage: 0.43
