CalculatingTime: 0.3179919719696045
OrderingTime: 0.00020933151245117188
Sum: 0.31820130348205566
BuildTime: 293.2585575580597
AllTime: 293.57675886154175
Percentage: 0.11
