CommandTime: 1.058612585067749
AnalysisTime: 0.010644674301147461
CalculatingTime: 0.31342196464538574
OrderingTime: 0.7999851703643799
Sum: 2.182664394378662
BuildTime: 236.00654792785645
AllTime: 238.1892123222351
Percentage: 0.92
