CalculatingTime: 0.32231879234313965
OrderingTime: 0.000202178955078125
Sum: 0.3225209712982178
BuildTime: 332.54125332832336
AllTime: 332.8637742996216
Percentage: 0.1
