CommandTime: 1.0843024253845215
AnalysisTime: 0.010973215103149414
CalculatingTime: 0.294079065322876
OrderingTime: 1.104891300201416
Sum: 2.494246006011963
BuildTime: 329.9665026664734
AllTime: 332.46074867248535
Percentage: 0.75
