CalculatingTime: 0.2883741855621338
OrderingTime: 1.4332971572875977
Sum: 1.7216713428497314
BuildTime: 770.1400346755981
AllTime: 771.8617060184479
Percentage: 0.22
