CalculatingTime: 0.2847609519958496
OrderingTime: 2.0972001552581787
Sum: 2.3819611072540283
BuildTime: 688.4980092048645
AllTime: 690.8799703121185
Percentage: 0.34
