CalculatingTime: 0.219590425491333
OrderingTime: 0.32635974884033203
Sum: 0.545950174331665
BuildTime: 236.6915054321289
AllTime: 237.23745560646057
Percentage: 0.23
