CalculatingTime: 0.21874785423278809
OrderingTime: 0.49460530281066895
Sum: 0.713353157043457
BuildTime: 359.74600648880005
AllTime: 360.4593596458435
Percentage: 0.2
