CalculatingTime: 0.2693624496459961
OrderingTime: 0.6129553318023682
Sum: 0.8823177814483643
BuildTime: 508.8821210861206
AllTime: 509.76443886756897
Percentage: 0.17
