CommandTime: 1.070749044418335
AnalysisTime: 0.010234355926513672
CalculatingTime: 0.3183472156524658
OrderingTime: 0.43515467643737793
Sum: 1.8344852924346924
BuildTime: 324.8967342376709
AllTime: 326.7312195301056
Percentage: 0.56
