CalculatingTime: 0.317828893661499
OrderingTime: 0.5791306495666504
Sum: 0.8969595432281494
BuildTime: 708.4582014083862
AllTime: 709.3551609516144
Percentage: 0.13
