CalculatingTime: 0.29235029220581055
OrderingTime: 0.00020742416381835938
Sum: 0.2925577163696289
BuildTime: 283.50414419174194
AllTime: 283.7967019081116
Percentage: 0.1
