CommandTime: 1.0424323081970215
AnalysisTime: 0.010298490524291992
CalculatingTime: 0.3272264003753662
OrderingTime: 1.277721881866455
Sum: 2.6576790809631348
BuildTime: 329.9660449028015
AllTime: 332.62372398376465
Percentage: 0.8
