CommandTime: 1.0721421241760254
AnalysisTime: 0.010364055633544922
CalculatingTime: 0.3360934257507324
OrderingTime: 0.6276044845581055
Sum: 2.046204090118408
BuildTime: 412.5771441459656
AllTime: 414.623348236084
Percentage: 0.49
