CommandTime: 1.0406830310821533
AnalysisTime: 0.010432243347167969
CalculatingTime: 0.30674171447753906
OrderingTime: 1.6494014263153076
Sum: 3.007258415222168
BuildTime: 290.13235449790955
AllTime: 293.1396129131317
Percentage: 1.03
