CalculatingTime: 0.21929550170898438
OrderingTime: 0.5468337535858154
Sum: 0.7661292552947998
BuildTime: 327.78330636024475
AllTime: 328.54943561553955
Percentage: 0.23
