CalculatingTime: 0.31192493438720703
OrderingTime: 0.00020694732666015625
Sum: 0.3121318817138672
BuildTime: 365.9194393157959
AllTime: 366.23157119750977
Percentage: 0.09
