CalculatingTime: 0.28366923332214355
OrderingTime: 0.3752608299255371
Sum: 0.6589300632476807
BuildTime: 831.1567625999451
AllTime: 831.8156926631927
Percentage: 0.08
