CalculatingTime: 0.2765312194824219
OrderingTime: 2.10295033454895
Sum: 2.379481554031372
BuildTime: 701.5239000320435
AllTime: 703.9033815860748
Percentage: 0.34
