CalculatingTime: 0.2956390380859375
OrderingTime: 2.0826072692871094
Sum: 2.378246307373047
BuildTime: 500.31763887405396
AllTime: 502.695885181427
Percentage: 0.47
