CalculatingTime: 0.2926821708679199
OrderingTime: 0.00021195411682128906
Sum: 0.2928941249847412
BuildTime: 331.7640471458435
AllTime: 332.05694127082825
Percentage: 0.09
