CalculatingTime: 0.278562068939209
OrderingTime: 1.6622867584228516
Sum: 1.9408488273620605
BuildTime: 676.7979917526245
AllTime: 678.7388405799866
Percentage: 0.29
