CalculatingTime: 0.21686792373657227
OrderingTime: 0.32309770584106445
Sum: 0.5399656295776367
BuildTime: 325.3811089992523
AllTime: 325.92107462882996
Percentage: 0.17
