CalculatingTime: 0.2816653251647949
OrderingTime: 1.8788442611694336
Sum: 2.1605095863342285
BuildTime: 639.6075501441956
AllTime: 641.7680597305298
Percentage: 0.34
