CalculatingTime: 0.19624948501586914
OrderingTime: 0.145308256149292
Sum: 0.34155774116516113
BuildTime: 368.5953600406647
AllTime: 368.93691778182983
Percentage: 0.09
