CalculatingTime: 0.299163818359375
OrderingTime: 0.0002048015594482422
Sum: 0.29936861991882324
BuildTime: 405.67362236976624
AllTime: 405.97299098968506
Percentage: 0.07
