CalculatingTime: 0.19128060340881348
OrderingTime: 0.26100826263427734
Sum: 0.4522888660430908
BuildTime: 401.54307866096497
AllTime: 401.99536752700806
Percentage: 0.11
