CalculatingTime: 0.3019602298736572
OrderingTime: 0.0001938343048095703
Sum: 0.3021540641784668
BuildTime: 347.28791546821594
AllTime: 347.5900695323944
Percentage: 0.09
