CommandTime: 1.0452382564544678
AnalysisTime: 0.010449647903442383
CalculatingTime: 0.3228790760040283
OrderingTime: 1.6623456478118896
Sum: 3.040912628173828
BuildTime: 387.8873097896576
AllTime: 390.9282224178314
Percentage: 0.78
