CalculatingTime: 0.328876256942749
OrderingTime: 0.00019621849060058594
Sum: 0.3290724754333496
BuildTime: 401.4365427494049
AllTime: 401.76561522483826
Percentage: 0.08
