CalculatingTime: 0.18796086311340332
OrderingTime: 1.3258605003356934
Sum: 1.5138213634490967
BuildTime: 384.6285877227783
AllTime: 386.1424090862274
Percentage: 0.39
