CalculatingTime: 0.18799090385437012
OrderingTime: 0.687028169631958
Sum: 0.8750190734863281
BuildTime: 348.2140097618103
AllTime: 349.08902883529663
Percentage: 0.25
