CommandTime: 1.059802532196045
AnalysisTime: 0.010694742202758789
CalculatingTime: 0.3085336685180664
OrderingTime: 0.4730544090270996
Sum: 1.8520853519439697
BuildTime: 421.79145216941833
AllTime: 423.6435375213623
Percentage: 0.44
