CommandTime: 1.073620319366455
AnalysisTime: 0.010375261306762695
CalculatingTime: 0.31763744354248047
OrderingTime: 0.5433604717254639
Sum: 1.944993495941162
BuildTime: 387.59531331062317
AllTime: 389.54030680656433
Percentage: 0.5
