CalculatingTime: 0.2711508274078369
OrderingTime: 1.1948776245117188
Sum: 1.4660284519195557
BuildTime: 768.6453444957733
AllTime: 770.1113729476929
Percentage: 0.19
