CalculatingTime: 0.3041045665740967
OrderingTime: 1.2016379833221436
Sum: 1.5057425498962402
BuildTime: 576.2386105060577
AllTime: 577.744353055954
Percentage: 0.26
