CommandTime: 1.0525131225585938
AnalysisTime: 0.010810136795043945
CalculatingTime: 0.3111851215362549
OrderingTime: 0.788156270980835
Sum: 2.1626646518707275
BuildTime: 360.8480920791626
AllTime: 363.0107567310333
Percentage: 0.6
