CalculatingTime: 0.2967875003814697
OrderingTime: 1.1648023128509521
Sum: 1.4615898132324219
BuildTime: 599.0404210090637
AllTime: 600.5020108222961
Percentage: 0.24
