CalculatingTime: 0.32099318504333496
OrderingTime: 0.0002048015594482422
Sum: 0.3211979866027832
BuildTime: 316.40676403045654
AllTime: 316.7279620170593
Percentage: 0.1
