CalculatingTime: 0.27156853675842285
OrderingTime: 1.3043699264526367
Sum: 1.5759384632110596
BuildTime: 708.9554841518402
AllTime: 710.5314226150513
Percentage: 0.22
