CalculatingTime: 0.312807559967041
OrderingTime: 0.0002090930938720703
Sum: 0.3130166530609131
BuildTime: 352.9131278991699
AllTime: 353.22614455223083
Percentage: 0.09
