CalculatingTime: 0.28428101539611816
OrderingTime: 0.00019550323486328125
Sum: 0.28447651863098145
BuildTime: 355.9707462787628
AllTime: 356.2552227973938
Percentage: 0.08
