CalculatingTime: 0.19358086585998535
OrderingTime: 0.9472324848175049
Sum: 1.1408133506774902
BuildTime: 295.232040643692
AllTime: 296.3728539943695
Percentage: 0.38
