CommandTime: 1.0458860397338867
AnalysisTime: 0.010729789733886719
CalculatingTime: 0.2866325378417969
OrderingTime: 1.004408597946167
Sum: 2.3476569652557373
BuildTime: 338.93318819999695
AllTime: 341.2808451652527
Percentage: 0.69
