CommandTime: 1.0439388751983643
AnalysisTime: 0.010203838348388672
CalculatingTime: 0.2889282703399658
OrderingTime: 1.3309051990509033
Sum: 2.673976182937622
BuildTime: 412.1673457622528
AllTime: 414.84132194519043
Percentage: 0.64
