CalculatingTime: 0.32916951179504395
OrderingTime: 0.0002086162567138672
Sum: 0.3293781280517578
BuildTime: 234.4078767299652
AllTime: 234.73725485801697
Percentage: 0.14
