CalculatingTime: 0.18969368934631348
OrderingTime: 0.45713162422180176
Sum: 0.6468253135681152
BuildTime: 327.43761801719666
AllTime: 328.08444333076477
Percentage: 0.2
