CalculatingTime: 0.28221869468688965
OrderingTime: 0.32239556312561035
Sum: 0.6046142578125
BuildTime: 598.311975479126
AllTime: 598.9165897369385
Percentage: 0.1
