CalculatingTime: 0.21631836891174316
OrderingTime: 0.6347653865814209
Sum: 0.8510837554931641
BuildTime: 419.2073669433594
AllTime: 420.05845069885254
Percentage: 0.2
