CalculatingTime: 0.30525827407836914
OrderingTime: 0.0001926422119140625
Sum: 0.3054509162902832
BuildTime: 425.116904258728
AllTime: 425.4223551750183
Percentage: 0.07
