CalculatingTime: 0.28163862228393555
OrderingTime: 0.4873952865600586
Sum: 0.7690339088439941
BuildTime: 663.6768889427185
AllTime: 664.4459228515625
Percentage: 0.12
