CalculatingTime: 0.18267250061035156
OrderingTime: 0.31963229179382324
Sum: 0.5023047924041748
BuildTime: 383.82882285118103
AllTime: 384.3311276435852
Percentage: 0.13
