CalculatingTime: 0.21086359024047852
OrderingTime: 0.2490980625152588
Sum: 0.4599616527557373
BuildTime: 344.4642469882965
AllTime: 344.92420864105225
Percentage: 0.13
