CalculatingTime: 0.22136807441711426
OrderingTime: 0.6781351566314697
Sum: 0.899503231048584
BuildTime: 278.53562235832214
AllTime: 279.4351255893707
Percentage: 0.32
