CalculatingTime: 0.1855165958404541
OrderingTime: 0.3429110050201416
Sum: 0.5284276008605957
BuildTime: 400.3694372177124
AllTime: 400.897864818573
Percentage: 0.13
