CommandTime: 1.027294635772705
AnalysisTime: 0.01065206527709961
CalculatingTime: 0.32034802436828613
OrderingTime: 0.7025241851806641
Sum: 2.060818910598755
BuildTime: 369.3262827396393
AllTime: 371.38710165023804
Percentage: 0.55
