CalculatingTime: 0.3238551616668701
OrderingTime: 0.000225067138671875
Sum: 0.324080228805542
BuildTime: 393.0591142177582
AllTime: 393.3831944465637
Percentage: 0.08
