CommandTime: 1.0767123699188232
AnalysisTime: 0.010765314102172852
CalculatingTime: 0.2996208667755127
OrderingTime: 1.2434484958648682
Sum: 2.630547046661377
BuildTime: 354.0822489261627
AllTime: 356.7127959728241
Percentage: 0.74
