CalculatingTime: 0.29541707038879395
OrderingTime: 0.00021028518676757812
Sum: 0.2956273555755615
BuildTime: 376.90066742897034
AllTime: 377.1962947845459
Percentage: 0.08
