[    0,     0,     0,     0,     0,     0,     0,     0,     0,     0,     0,     0,     0,     0,     0,     0,     0,     0,     0,     0,     0]
[    0,     0,  2356,  1926,  2238,  2229,  2321,  2237,  1211,  1241,  2230,  2312,  2378,  2229,   826,  1233,  2066,  1196,   826,  2257,     0]
[    0,  2356,     0,   389,    77,    18,   350,    95,  2314,  2029,     0,   342,    88,    18,  2295,  2022,   400,  2302,  2295,    96,  2356]
[    0,  1926,   389,     0,   379,   388,   268,   378,  2194,  2224,   390,   345,   411,   388,  2299,  2343,    99,  2180,  2299,   398,  1926]
[    0,  2238,    77,   379,     0,    95,   340,    18,  2199,  1912,    78,   350,    99,    95,  2304,  2031,   411,  2185,  2177,    86,  2238]
[    0,  2229,    18,   388,    95,     0,   350,    77,  2190,  1922,    18,   341,   109,     0,  2294,  2040,   402,  2176,  2294,   114,  2229]
[    0,  2321,   350,   268,   340,   350,     0,   339,  2050,  2311,   351,    77,   370,   350,  2031,  2304,   365,  2038,  2031,   359,  2194]
[    0,  2237,    95,   378,    18,    77,   339,     0,  2198,  1930,    96,   349,   117,    77,  2303,  2049,   410,  2184,  2176,   107,  2237]
[    0,  1211,  2314,  2194,  2199,  2190,  2050,  2198,     0,   646,  2191,  2041,  2163,  2190,   385,   658,  2284,   375,   385,  2171,  1208]
[    0,  1241,  2029,  2224,  1912,  1922,  2311,  1930,   646,     0,  1904,  2302,  1906,  1922,   644,   371,  2346,   634,   644,  1914,  1240]
[    0,  2230,     0,   390,    78,    18,   351,    96,  2191,  1904,     0,   342,    91,    18,  2295,  2022,   403,  2177,  2169,   100,  2230]
[    0,  2312,   342,   345,   350,   341,    77,   349,  2041,  2302,   342,     0,   361,   341,  2022,  2295,   356,  2029,  2022,   369,  2312]
[    0,  2378,    88,   411,    99,   109,   370,   117,  2163,  1906,    91,   361,     0,   109,  2317,  2044,   375,  2307,  2317,    71,  2249]
[    0,  2229,    18,   388,    95,     0,   350,    77,  2190,  1922,    18,   341,   109,     0,  2294,  2040,   402,  2176,  2294,   114,  2229]
[    0,   826,  2295,  2299,  2304,  2294,  2031,  2303,   385,   644,  2295,  2022,  2317,  2294,     0,   636,  2312,   371,     0,  2326,   826]
[    0,  1233,  2022,  2343,  2031,  2040,  2304,  2049,   658,   371,  2022,  2295,  2044,  2040,   636,     0,  2356,   644,   636,  2053,  1233]
[    0,  2066,   400,    99,   411,   402,   365,   410,  2284,  2346,   403,   356,   375,   402,  2312,  2356,     0,  2302,  2312,   383,  1937]
[    0,  1196,  2302,  2180,  2185,  2176,  2038,  2184,   375,   634,  2177,  2029,  2307,  2176,   371,   644,  2302,     0,   371,  2187,  1196]
[    0,   826,  2295,  2299,  2177,  2294,  2031,  2176,   385,   644,  2169,  2022,  2317,  2294,     0,   636,  2312,   371,     0,  2196,   826]
[    0,  2257,    96,   398,    86,   114,   359,   107,  2171,  1914,   100,   369,    71,   114,  2326,  2053,   383,  2187,  2196,     0,  2257]
[    0,     0,  2356,  1926,  2238,  2229,  2194,  2237,  1208,  1240,  2230,  2312,  2249,  2229,   826,  1233,  1937,  1196,   826,  2257,     0]