CalculatingTime: 0.5832595825195312
OrderingTime: 0.09216094017028809
Sum: 0.6754205226898193
BuildTime: 519.9620447158813
AllTime: 520.6374652385712
Percentage: 0.13
