CalculatingTime: 0.8531680107116699
OrderingTime: 0.0001914501190185547
Sum: 0.8533594608306885
BuildTime: 967.6195125579834
AllTime: 968.4728720188141
Percentage: 0.09
