CommandTime: 1.691075086593628
AnalysisTime: 0.016303300857543945
CalculatingTime: 0.9069180488586426
OrderingTime: 0.09287166595458984
Sum: 2.7071681022644043
BuildTime: 1031.8373582363129
AllTime: 1034.5445263385773
Percentage: 0.26
