CommandTime: 1.8387877941131592
AnalysisTime: 0.020344257354736328
CalculatingTime: 0.9468400478363037
OrderingTime: 0.05395674705505371
Sum: 2.859928846359253
BuildTime: 901.738550901413
AllTime: 904.5984797477722
Percentage: 0.32
