CalculatingTime: 0.9862744808197021
OrderingTime: 0.042909860610961914
Sum: 1.029184341430664
BuildTime: 1131.1533970832825
AllTime: 1132.1825814247131
Percentage: 0.09
