CalculatingTime: 0.7400062084197998
OrderingTime: 0.18222880363464355
Sum: 0.9222350120544434
BuildTime: 741.8960525989532
AllTime: 742.8182876110077
Percentage: 0.12
