CalculatingTime: 0.9452610015869141
OrderingTime: 0.09320974349975586
Sum: 1.03847074508667
BuildTime: 903.7927560806274
AllTime: 904.8312268257141
Percentage: 0.11
