CalculatingTime: 0.9401190280914307
OrderingTime: 0.29619526863098145
Sum: 1.236314296722412
BuildTime: 1148.8256678581238
AllTime: 1150.0619821548462
Percentage: 0.11
