CommandTime: 0.8926582336425781
AnalysisTime: 0.008457183837890625
CalculatingTime: 0.5279922485351562
OrderingTime: 0.05698537826538086
Sum: 1.4860930442810059
BuildTime: 485.3095510005951
AllTime: 486.7956440448761
Percentage: 0.31
