CalculatingTime: 0.7458906173706055
OrderingTime: 0.00022268295288085938
Sum: 0.7461133003234863
BuildTime: 744.9632623195648
AllTime: 745.7093756198883
Percentage: 0.1
