CalculatingTime: 0.99015212059021
OrderingTime: 0.039731502532958984
Sum: 1.029883623123169
BuildTime: 1142.2207417488098
AllTime: 1143.250625371933
Percentage: 0.09
