CalculatingTime: 0.8810112476348877
OrderingTime: 0.3828439712524414
Sum: 1.263855218887329
BuildTime: 1079.2708685398102
AllTime: 1080.5347237586975
Percentage: 0.12
