CalculatingTime: 0.2710609436035156
OrderingTime: 0.045912981033325195
Sum: 0.3169739246368408
BuildTime: 762.4753465652466
AllTime: 762.7923204898834
Percentage: 0.04
