CalculatingTime: 0.9502928256988525
OrderingTime: 0.0002155303955078125
Sum: 0.9505083560943604
BuildTime: 768.3557772636414
AllTime: 769.3062856197357
Percentage: 0.12
