CalculatingTime: 0.7907917499542236
OrderingTime: 0.17084789276123047
Sum: 0.9616396427154541
BuildTime: 887.7257659435272
AllTime: 888.6874055862427
Percentage: 0.11
