CalculatingTime: 1.0039405822753906
OrderingTime: 0.00022673606872558594
Sum: 1.0041673183441162
BuildTime: 1181.6624269485474
AllTime: 1182.6665942668915
Percentage: 0.08
