CalculatingTime: 0.8357408046722412
OrderingTime: 0.10219550132751465
Sum: 0.9379363059997559
BuildTime: 967.1917281150818
AllTime: 968.1296644210815
Percentage: 0.1
