CalculatingTime: 0.86720871925354
OrderingTime: 0.08714509010314941
Sum: 0.9543538093566895
BuildTime: 1063.8596410751343
AllTime: 1064.813994884491
Percentage: 0.09
