CalculatingTime: 0.9419503211975098
OrderingTime: 0.00019812583923339844
Sum: 0.9421484470367432
BuildTime: 1073.9577901363373
AllTime: 1074.899938583374
Percentage: 0.09
