CommandTime: 1.9751009941101074
AnalysisTime: 0.018494367599487305
CalculatingTime: 1.0071775913238525
OrderingTime: 0.08088564872741699
Sum: 3.0816586017608643
BuildTime: 1076.798752784729
AllTime: 1079.8804113864899
Percentage: 0.29
