CalculatingTime: 0.911144495010376
OrderingTime: 0.00022411346435546875
Sum: 0.9113686084747314
BuildTime: 952.8034420013428
AllTime: 953.7148106098175
Percentage: 0.1
