CalculatingTime: 0.9626688957214355
OrderingTime: 0.16716837882995605
Sum: 1.1298372745513916
BuildTime: 1069.8625483512878
AllTime: 1070.9923856258392
Percentage: 0.11
