CalculatingTime: 0.5836191177368164
OrderingTime: 0.00021767616271972656
Sum: 0.5838367938995361
BuildTime: 486.2089877128601
AllTime: 486.79282450675964
Percentage: 0.12
