CalculatingTime: 0.19997596740722656
OrderingTime: 0.13739633560180664
Sum: 0.3373723030090332
BuildTime: 745.3662793636322
AllTime: 745.7036516666412
Percentage: 0.05
