CalculatingTime: 0.9718561172485352
OrderingTime: 0.3675081729888916
Sum: 1.3393642902374268
BuildTime: 1150.45831823349
AllTime: 1151.7976825237274
Percentage: 0.12
