CommandTime: 1.687356948852539
AnalysisTime: 0.015616416931152344
CalculatingTime: 0.8580937385559082
OrderingTime: 0.11104989051818848
Sum: 2.672116994857788
BuildTime: 999.6895275115967
AllTime: 1002.3616445064545
Percentage: 0.27
