CalculatingTime: 0.9873838424682617
OrderingTime: 0.00020051002502441406
Sum: 0.9875843524932861
BuildTime: 896.7637135982513
AllTime: 897.7512979507446
Percentage: 0.11
