CalculatingTime: 0.22414231300354004
OrderingTime: 0.15239453315734863
Sum: 0.37653684616088867
BuildTime: 937.680742263794
AllTime: 938.0572791099548
Percentage: 0.04
