CalculatingTime: 0.9418084621429443
OrderingTime: 0.10103750228881836
Sum: 1.0428459644317627
BuildTime: 1040.1749777793884
AllTime: 1041.2178237438202
Percentage: 0.1
