CommandTime: 1.694220781326294
AnalysisTime: 0.015280723571777344
CalculatingTime: 0.9063496589660645
OrderingTime: 0.5906198024749756
Sum: 3.2064709663391113
BuildTime: 915.2135171890259
AllTime: 918.419988155365
Percentage: 0.35
