CalculatingTime: 0.9888265132904053
OrderingTime: 0.00020551681518554688
Sum: 0.9890320301055908
BuildTime: 1161.9357833862305
AllTime: 1162.924815416336
Percentage: 0.09
