CalculatingTime: 0.9612853527069092
OrderingTime: 0.00023174285888671875
Sum: 0.9615170955657959
BuildTime: 1032.9821662902832
AllTime: 1033.943683385849
Percentage: 0.09
