CalculatingTime: 0.2700047492980957
OrderingTime: 0.0986015796661377
Sum: 0.3686063289642334
BuildTime: 1120.4243261814117
AllTime: 1120.792932510376
Percentage: 0.03
