CommandTime: 1.8832361698150635
AnalysisTime: 0.017016887664794922
CalculatingTime: 0.8848955631256104
OrderingTime: 0.05527520179748535
Sum: 2.840423822402954
BuildTime: 1013.7378735542297
AllTime: 1016.5782973766327
Percentage: 0.28
