CommandTime: 1.1911187171936035
AnalysisTime: 0.012023210525512695
CalculatingTime: 0.6477229595184326
OrderingTime: 0.1336650848388672
Sum: 1.984529972076416
BuildTime: 744.2680592536926
AllTime: 746.252589225769
Percentage: 0.27
