CalculatingTime: 0.18854761123657227
OrderingTime: 0.0798332691192627
Sum: 0.26838088035583496
BuildTime: 1100.2804148197174
AllTime: 1100.5487957000732
Percentage: 0.02
