CommandTime: 1.5635199546813965
AnalysisTime: 0.014660358428955078
CalculatingTime: 0.8464765548706055
OrderingTime: 0.16431689262390137
Sum: 2.5889737606048584
BuildTime: 967.5020422935486
AllTime: 970.0910160541534
Percentage: 0.27
