CalculatingTime: 0.8771264553070068
OrderingTime: 0.00019931793212890625
Sum: 0.8773257732391357
BuildTime: 997.0400984287262
AllTime: 997.9174242019653
Percentage: 0.09
