CommandTime: 1.8523564338684082
AnalysisTime: 0.01683330535888672
CalculatingTime: 0.9179551601409912
OrderingTime: 1.0112195014953613
Sum: 3.7983644008636475
BuildTime: 1070.0118560791016
AllTime: 1073.8102204799652
Percentage: 0.35
