CalculatingTime: 0.17453527450561523
OrderingTime: 0.10259580612182617
Sum: 0.2771310806274414
BuildTime: 890.9888520240784
AllTime: 891.2659831047058
Percentage: 0.03
