CalculatingTime: 0.9196364879608154
OrderingTime: 0.10470080375671387
Sum: 1.0243372917175293
BuildTime: 1000.343777179718
AllTime: 1001.3681144714355
Percentage: 0.1
