CalculatingTime: 0.2193164825439453
OrderingTime: 0.08667278289794922
Sum: 0.30598926544189453
BuildTime: 746.7315766811371
AllTime: 747.037565946579
Percentage: 0.04
