CalculatingTime: 1.0087904930114746
OrderingTime: 0.00020360946655273438
Sum: 1.0089941024780273
BuildTime: 1140.638522386551
AllTime: 1141.647516489029
Percentage: 0.09
