CalculatingTime: 0.21600866317749023
OrderingTime: 0.07370996475219727
Sum: 0.2897186279296875
BuildTime: 970.8198382854462
AllTime: 971.1095569133759
Percentage: 0.03
