CalculatingTime: 0.2512321472167969
OrderingTime: 0.04902839660644531
Sum: 0.3002605438232422
BuildTime: 866.965626001358
AllTime: 867.2658865451813
Percentage: 0.03
