CalculatingTime: 0.23094987869262695
OrderingTime: 0.03281426429748535
Sum: 0.2637641429901123
BuildTime: 990.4992256164551
AllTime: 990.7629897594452
Percentage: 0.03
