CommandTime: 2.0416154861450195
AnalysisTime: 0.019146442413330078
CalculatingTime: 0.9668729305267334
OrderingTime: 0.042589664459228516
Sum: 3.0702245235443115
BuildTime: 1136.8650062084198
AllTime: 1139.935230731964
Percentage: 0.27
