CalculatingTime: 0.23281431198120117
OrderingTime: 0.09636831283569336
Sum: 0.32918262481689453
BuildTime: 970.8425133228302
AllTime: 971.1716959476471
Percentage: 0.03
