CalculatingTime: 0.9428460597991943
OrderingTime: 0.0002243518829345703
Sum: 0.9430704116821289
BuildTime: 1009.3635995388031
AllTime: 1010.3066699504852
Percentage: 0.09
