CalculatingTime: 0.2778816223144531
OrderingTime: 0.05154132843017578
Sum: 0.3294229507446289
BuildTime: 1088.1066794395447
AllTime: 1088.4361023902893
Percentage: 0.03
