CalculatingTime: 0.22496557235717773
OrderingTime: 0.06680846214294434
Sum: 0.29177403450012207
BuildTime: 887.924432516098
AllTime: 888.2162065505981
Percentage: 0.03
