CommandTime: 1.8726146221160889
AnalysisTime: 0.01895761489868164
CalculatingTime: 0.945857048034668
OrderingTime: 0.1340625286102295
Sum: 2.971491813659668
BuildTime: 1160.5680420398712
AllTime: 1163.5395338535309
Percentage: 0.26
