CommandTime: 1.7010369300842285
AnalysisTime: 0.01582026481628418
CalculatingTime: 0.8600313663482666
OrderingTime: 0.2707333564758301
Sum: 2.8476219177246094
BuildTime: 661.9513297080994
AllTime: 664.798951625824
Percentage: 0.43
