CalculatingTime: 0.9954409599304199
OrderingTime: 0.09571695327758789
Sum: 1.0911579132080078
BuildTime: 1294.4088406562805
AllTime: 1295.4999985694885
Percentage: 0.08
