CalculatingTime: 0.9126043319702148
OrderingTime: 0.00023365020751953125
Sum: 0.9128379821777344
BuildTime: 1067.4927945137024
AllTime: 1068.4056324958801
Percentage: 0.09
