CalculatingTime: 0.7969141006469727
OrderingTime: 0.00023055076599121094
Sum: 0.7971446514129639
BuildTime: 741.2215173244476
AllTime: 742.0186619758606
Percentage: 0.11
