CommandTime: 1.6902780532836914
AnalysisTime: 0.01509547233581543
CalculatingTime: 0.848984956741333
OrderingTime: 0.22254705429077148
Sum: 2.7769055366516113
BuildTime: 953.4391973018646
AllTime: 956.2161028385162
Percentage: 0.29
