CommandTime: 1.3591434955596924
AnalysisTime: 0.013729095458984375
CalculatingTime: 0.6795825958251953
OrderingTime: 0.10418128967285156
Sum: 2.1566364765167236
BuildTime: 739.6534020900726
AllTime: 741.8100385665894
Percentage: 0.29
