CalculatingTime: 0.2337183952331543
OrderingTime: 0.10217499732971191
Sum: 0.3358933925628662
BuildTime: 1027.7376508712769
AllTime: 1028.0735442638397
Percentage: 0.03
