CalculatingTime: 0.16644906997680664
OrderingTime: 0.13591814041137695
Sum: 0.3023672103881836
BuildTime: 499.65335869789124
AllTime: 499.9557259082794
Percentage: 0.06
