CalculatingTime: 7.874881029129028
OrderingTime: 0.08659911155700684
Sum: 7.961480140686035
BuildTime: 51.87445878982544
AllTime: 59.835938930511475
Percentage: 13.31
