CalculatingTime: 7.408055067062378
OrderingTime: 0.12997007369995117
Sum: 7.538025140762329
BuildTime: 67.84907627105713
AllTime: 75.38710141181946
Percentage: 10.0
