CalculatingTime: 3.643547773361206
OrderingTime: 0.19228458404541016
Sum: 3.835832357406616
BuildTime: 63.04206848144531
AllTime: 66.87790083885193
Percentage: 5.74
