CommandTime: 1.767232894897461
AnalysisTime: 0.1183164119720459
CalculatingTime: 8.031615018844604
OrderingTime: 0.08082866668701172
Sum: 9.997992992401123
BuildTime: 52.88455247879028
AllTime: 62.882545471191406
Percentage: 15.9
