CommandTime: 1.8853228092193604
AnalysisTime: 0.12460660934448242
CalculatingTime: 7.711233377456665
OrderingTime: 0.10442447662353516
Sum: 9.825587272644043
BuildTime: 66.654629945755
AllTime: 76.48021721839905
Percentage: 12.85
