CalculatingTime: 3.606870174407959
OrderingTime: 0.04859161376953125
Sum: 3.6554617881774902
BuildTime: 55.916043519973755
AllTime: 59.571505308151245
Percentage: 6.14
