CalculatingTime: 7.765307426452637
OrderingTime: 0.0001933574676513672
Sum: 7.765500783920288
BuildTime: 51.55620312690735
AllTime: 59.32170391082764
Percentage: 13.09
