CalculatingTime: 7.8044281005859375
OrderingTime: 0.118988037109375
Sum: 7.9234161376953125
BuildTime: 53.57019639015198
AllTime: 61.49361252784729
Percentage: 12.88
