CalculatingTime: 7.437740087509155
OrderingTime: 0.00021505355834960938
Sum: 7.437955141067505
BuildTime: 52.87933588027954
AllTime: 60.317291021347046
Percentage: 12.33
