CalculatingTime: 3.8925657272338867
OrderingTime: 0.17096662521362305
Sum: 4.06353235244751
BuildTime: 51.69221377372742
AllTime: 55.75574612617493
Percentage: 7.29
