CalculatingTime: 3.6088595390319824
OrderingTime: 0.03553295135498047
Sum: 3.644392490386963
BuildTime: 62.1323606967926
AllTime: 65.77675318717957
Percentage: 5.54
