CommandTime: 1.8479464054107666
AnalysisTime: 0.12063217163085938
CalculatingTime: 7.857681751251221
OrderingTime: 0.05354928970336914
Sum: 9.879809617996216
BuildTime: 52.64478874206543
AllTime: 62.524598360061646
Percentage: 15.8
