CalculatingTime: 3.5183162689208984
OrderingTime: 0.13840341567993164
Sum: 3.65671968460083
BuildTime: 63.038084268569946
AllTime: 66.69480395317078
Percentage: 5.48
