CalculatingTime: 7.18268609046936
OrderingTime: 0.23800945281982422
Sum: 7.420695543289185
BuildTime: 70.5117130279541
AllTime: 77.93240857124329
Percentage: 9.52
