CommandTime: 1.8184316158294678
AnalysisTime: 0.12634539604187012
CalculatingTime: 8.341313362121582
OrderingTime: 0.11824440956115723
Sum: 10.404334783554077
BuildTime: 52.584017753601074
AllTime: 62.98835253715515
Percentage: 16.52
