CalculatingTime: 7.6249542236328125
OrderingTime: 0.11841583251953125
Sum: 7.743370056152344
BuildTime: 61.79014039039612
AllTime: 69.53351044654846
Percentage: 11.14
