CalculatingTime: 7.542270660400391
OrderingTime: 0.00021505355834960938
Sum: 7.54248571395874
BuildTime: 51.78410744667053
AllTime: 59.32659316062927
Percentage: 12.71
