CalculatingTime: 3.5655741691589355
OrderingTime: 0.05987834930419922
Sum: 3.6254525184631348
BuildTime: 62.3856360912323
AllTime: 66.01108860969543
Percentage: 5.49
