CalculatingTime: 8.066969871520996
OrderingTime: 0.0001347064971923828
Sum: 8.067104578018188
BuildTime: 51.82488703727722
AllTime: 59.89199161529541
Percentage: 13.47
