CalculatingTime: 7.471037864685059
OrderingTime: 0.0002117156982421875
Sum: 7.471249580383301
BuildTime: 63.18480324745178
AllTime: 70.65605282783508
Percentage: 10.57
