CalculatingTime: 7.38060450553894
OrderingTime: 0.04301643371582031
Sum: 7.423620939254761
BuildTime: 65.17296099662781
AllTime: 72.59658193588257
Percentage: 10.23
