CalculatingTime: 7.538512468338013
OrderingTime: 0.15189456939697266
Sum: 7.690407037734985
BuildTime: 51.615763425827026
AllTime: 59.30617046356201
Percentage: 12.97
