CalculatingTime: 3.5558817386627197
OrderingTime: 0.042417049407958984
Sum: 3.5982987880706787
BuildTime: 64.53354454040527
AllTime: 68.13184332847595
Percentage: 5.28
