CalculatingTime: 7.452752590179443
OrderingTime: 0.00021839141845703125
Sum: 7.4529709815979
BuildTime: 68.3937439918518
AllTime: 75.8467149734497
Percentage: 9.83
