CalculatingTime: 7.722987413406372
OrderingTime: 0.09742212295532227
Sum: 7.820409536361694
BuildTime: 51.891745805740356
AllTime: 59.71215534210205
Percentage: 13.1
