CalculatingTime: 7.455037832260132
OrderingTime: 0.00012803077697753906
Sum: 7.455165863037109
BuildTime: 66.62960481643677
AllTime: 74.08477067947388
Percentage: 10.06
