CalculatingTime: 7.918525457382202
OrderingTime: 0.00016355514526367188
Sum: 7.918689012527466
BuildTime: 65.35074210166931
AllTime: 73.26943111419678
Percentage: 10.81
