CalculatingTime: 7.265818357467651
OrderingTime: 0.06102776527404785
Sum: 7.326846122741699
BuildTime: 62.152005195617676
AllTime: 69.47885131835938
Percentage: 10.55
