CommandTime: 1.886728286743164
AnalysisTime: 0.12862944602966309
CalculatingTime: 8.26867961883545
OrderingTime: 0.12245035171508789
Sum: 10.406487703323364
BuildTime: 69.08973979949951
AllTime: 79.49622750282288
Percentage: 13.09
