CommandTime: 1.807699203491211
AnalysisTime: 0.11907291412353516
CalculatingTime: 8.322868824005127
OrderingTime: 0.196441650390625
Sum: 10.446082592010498
BuildTime: 53.1530122756958
AllTime: 63.5990948677063
Percentage: 16.42
