CalculatingTime: 7.776266098022461
OrderingTime: 0.00022840499877929688
Sum: 7.77649450302124
BuildTime: 53.13937592506409
AllTime: 60.91587042808533
Percentage: 12.77
