CalculatingTime: 7.7570695877075195
OrderingTime: 0.00020623207092285156
Sum: 7.757275819778442
BuildTime: 52.03994417190552
AllTime: 59.79721999168396
Percentage: 12.97
