CalculatingTime: 7.324260711669922
OrderingTime: 0.00017499923706054688
Sum: 7.324435710906982
BuildTime: 68.57289600372314
AllTime: 75.89733171463013
Percentage: 9.65
