CommandTime: 1.848670244216919
AnalysisTime: 0.1257326602935791
CalculatingTime: 8.069632291793823
OrderingTime: 0.05897092819213867
Sum: 10.10300612449646
BuildTime: 53.36078453063965
AllTime: 63.46379065513611
Percentage: 15.92
