CalculatingTime: 6.890166521072388
OrderingTime: 0.0001933574676513672
Sum: 6.890359878540039
BuildTime: 67.49432802200317
AllTime: 74.38468790054321
Percentage: 9.26
