CalculatingTime: 3.5252845287323
OrderingTime: 0.22469592094421387
Sum: 3.7499804496765137
BuildTime: 62.122769594192505
AllTime: 65.87275004386902
Percentage: 5.69
