CalculatingTime: 7.638625860214233
OrderingTime: 0.000225067138671875
Sum: 7.638850927352905
BuildTime: 51.73455834388733
AllTime: 59.373409271240234
Percentage: 12.87
