CommandTime: 1.8310191631317139
AnalysisTime: 0.12358951568603516
CalculatingTime: 8.147345542907715
OrderingTime: 0.09564733505249023
Sum: 10.197601556777954
BuildTime: 69.41805934906006
AllTime: 79.61566090583801
Percentage: 12.81
