CalculatingTime: 7.960399389266968
OrderingTime: 0.00017118453979492188
Sum: 7.960570573806763
BuildTime: 53.289379835128784
AllTime: 61.24995040893555
Percentage: 13.0
