CalculatingTime: 7.321163892745972
OrderingTime: 0.14496111869812012
Sum: 7.466125011444092
BuildTime: 51.601850748062134
AllTime: 59.067975759506226
Percentage: 12.64
