CalculatingTime: 7.095582723617554
OrderingTime: 0.22104692459106445
Sum: 7.316629648208618
BuildTime: 64.50733423233032
AllTime: 71.82396388053894
Percentage: 10.19
