CalculatingTime: 3.6369667053222656
OrderingTime: 0.06271910667419434
Sum: 3.69968581199646
BuildTime: 64.03021955490112
AllTime: 67.72990536689758
Percentage: 5.46
