CalculatingTime: 7.615624904632568
OrderingTime: 0.07851839065551758
Sum: 7.694143295288086
BuildTime: 52.24565005302429
AllTime: 59.93979334831238
Percentage: 12.84
