CalculatingTime: 3.624992609024048
OrderingTime: 0.2000117301940918
Sum: 3.8250043392181396
BuildTime: 64.43366646766663
AllTime: 68.25867080688477
Percentage: 5.6
