CalculatingTime: 7.268722057342529
OrderingTime: 0.09119534492492676
Sum: 7.359917402267456
BuildTime: 51.98928236961365
AllTime: 59.3491997718811
Percentage: 12.4
