CommandTime: 1.919114351272583
AnalysisTime: 0.12177014350891113
CalculatingTime: 8.102357864379883
OrderingTime: 0.03874659538269043
Sum: 10.181988954544067
BuildTime: 65.70895957946777
AllTime: 75.89094853401184
Percentage: 13.42
