CalculatingTime: 3.5046887397766113
OrderingTime: 0.07251477241516113
Sum: 3.5772035121917725
BuildTime: 63.39866542816162
AllTime: 66.9758689403534
Percentage: 5.34
