CommandTime: 1.7349708080291748
AnalysisTime: 0.11848640441894531
CalculatingTime: 7.913884162902832
OrderingTime: 0.09578323364257812
Sum: 9.86312460899353
BuildTime: 52.42561626434326
AllTime: 62.28874087333679
Percentage: 15.83
