CalculatingTime: 3.6248185634613037
OrderingTime: 0.031033992767333984
Sum: 3.6558525562286377
BuildTime: 64.91914439201355
AllTime: 68.57499694824219
Percentage: 5.33
