CommandTime: 1.7768259048461914
AnalysisTime: 0.12396478652954102
CalculatingTime: 7.964563369750977
OrderingTime: 0.19832277297973633
Sum: 10.063676834106445
BuildTime: 62.58748769760132
AllTime: 72.65116453170776
Percentage: 13.85
