CommandTime: 1.7648801803588867
AnalysisTime: 0.11735272407531738
CalculatingTime: 7.784552097320557
OrderingTime: 0.06176042556762695
Sum: 9.728545427322388
BuildTime: 62.31039571762085
AllTime: 72.03894114494324
Percentage: 13.5
