CalculatingTime: 7.12699556350708
OrderingTime: 0.0002105236053466797
Sum: 7.127206087112427
BuildTime: 52.15781760215759
AllTime: 59.28502368927002
Percentage: 12.02
