CalculatingTime: 7.485457181930542
OrderingTime: 0.00019621849060058594
Sum: 7.485653400421143
BuildTime: 62.448466062545776
AllTime: 69.93411946296692
Percentage: 10.7
