CommandTime: 1.8610291481018066
AnalysisTime: 0.11164093017578125
CalculatingTime: 7.263368129730225
OrderingTime: 0.09654879570007324
Sum: 9.332587003707886
BuildTime: 52.64007306098938
AllTime: 61.972660064697266
Percentage: 15.06
