CalculatingTime: 3.8094120025634766
OrderingTime: 0.05228614807128906
Sum: 3.8616981506347656
BuildTime: 53.62840700149536
AllTime: 57.49010515213013
Percentage: 6.72
