CommandTime: 1.7791893482208252
AnalysisTime: 0.12291431427001953
CalculatingTime: 7.73456883430481
OrderingTime: 0.08910226821899414
Sum: 9.725774765014648
BuildTime: 52.792778968811035
AllTime: 62.518553733825684
Percentage: 15.56
