CalculatingTime: 7.670994758605957
OrderingTime: 0.0566105842590332
Sum: 7.72760534286499
BuildTime: 52.47982311248779
AllTime: 60.20742845535278
Percentage: 12.83
