CalculatingTime: 3.5780389308929443
OrderingTime: 0.08178973197937012
Sum: 3.6598286628723145
BuildTime: 69.46137166023254
AllTime: 73.12120032310486
Percentage: 5.01
