CalculatingTime: 3.632220506668091
OrderingTime: 0.15691614151000977
Sum: 3.7891366481781006
BuildTime: 52.31944823265076
AllTime: 56.10858488082886
Percentage: 6.75
