CalculatingTime: 3.4479897022247314
OrderingTime: 0.06206321716308594
Sum: 3.5100529193878174
BuildTime: 49.98229241371155
AllTime: 53.492345333099365
Percentage: 6.56
