CalculatingTime: 7.87684178352356
OrderingTime: 0.19508004188537598
Sum: 8.071921825408936
BuildTime: 52.409536361694336
AllTime: 60.48145818710327
Percentage: 13.35
