CommandTime: 1.8593101501464844
AnalysisTime: 0.12209081649780273
CalculatingTime: 8.020484685897827
OrderingTime: 0.2298591136932373
Sum: 10.231744766235352
BuildTime: 71.39099359512329
AllTime: 81.62273836135864
Percentage: 12.54
