CommandTime: 1.850332498550415
AnalysisTime: 0.12873244285583496
CalculatingTime: 8.312695741653442
OrderingTime: 0.11781716346740723
Sum: 10.4095778465271
BuildTime: 53.75113081932068
AllTime: 64.16070866584778
Percentage: 16.22
