CalculatingTime: 7.279844760894775
OrderingTime: 0.08601737022399902
Sum: 7.365862131118774
BuildTime: 68.60408353805542
AllTime: 75.9699456691742
Percentage: 9.7
