CalculatingTime: 0.5180041790008545
OrderingTime: 0.0002079010009765625
Sum: 0.518212080001831
BuildTime: 34.394094467163086
AllTime: 34.91230654716492
Percentage: 1.48
