CalculatingTime: 0.5175931453704834
OrderingTime: 0.21167445182800293
Sum: 0.7292675971984863
BuildTime: 28.700005054473877
AllTime: 29.429272651672363
Percentage: 2.48
