CalculatingTime: 0.4955623149871826
OrderingTime: 0.2587580680847168
Sum: 0.7543203830718994
BuildTime: 34.02171540260315
AllTime: 34.77603578567505
Percentage: 2.17
