CalculatingTime: 0.6066367626190186
OrderingTime: 0.0002067089080810547
Sum: 0.6068434715270996
BuildTime: 23.007128953933716
AllTime: 23.613972425460815
Percentage: 2.57
