CalculatingTime: 0.4919779300689697
OrderingTime: 0.29328370094299316
Sum: 0.7852616310119629
BuildTime: 34.08370780944824
AllTime: 34.868969440460205
Percentage: 2.25
