CalculatingTime: 0.29116368293762207
OrderingTime: 0.11929774284362793
Sum: 0.41046142578125
BuildTime: 94.34318423271179
AllTime: 94.75364565849304
Percentage: 0.43
