CalculatingTime: 0.288865327835083
OrderingTime: 0.0509490966796875
Sum: 0.3398144245147705
BuildTime: 104.8956789970398
AllTime: 105.23549342155457
Percentage: 0.32
