CalculatingTime: 0.26131296157836914
OrderingTime: 0.11109375953674316
Sum: 0.3724067211151123
BuildTime: 116.32511234283447
AllTime: 116.69751906394958
Percentage: 0.32
