CalculatingTime: 0.6390070915222168
OrderingTime: 0.0002105236053466797
Sum: 0.6392176151275635
BuildTime: 23.195810079574585
AllTime: 23.83502769470215
Percentage: 2.68
