CalculatingTime: 0.4859166145324707
OrderingTime: 0.18549633026123047
Sum: 0.6714129447937012
BuildTime: 28.760777950286865
AllTime: 29.432190895080566
Percentage: 2.28
