CalculatingTime: 0.4910433292388916
OrderingTime: 0.2312633991241455
Sum: 0.7223067283630371
BuildTime: 34.59653425216675
AllTime: 35.318840980529785
Percentage: 2.05
