CommandTime: 0.779932975769043
AnalysisTime: 0.012513399124145508
CalculatingTime: 0.5276851654052734
OrderingTime: 0.7800710201263428
Sum: 2.1002025604248047
BuildTime: 22.706357955932617
AllTime: 24.806560516357422
Percentage: 8.47
