CalculatingTime: 0.2847263813018799
OrderingTime: 0.47363853454589844
Sum: 0.7583649158477783
BuildTime: 94.19610571861267
AllTime: 94.95447063446045
Percentage: 0.8
