CalculatingTime: 0.5156998634338379
OrderingTime: 0.1526355743408203
Sum: 0.6683354377746582
BuildTime: 33.97319555282593
AllTime: 34.641530990600586
Percentage: 1.93
