CalculatingTime: 0.5002825260162354
OrderingTime: 0.28660058975219727
Sum: 0.7868831157684326
BuildTime: 28.837212324142456
AllTime: 29.62409543991089
Percentage: 2.66
