CalculatingTime: 0.4953734874725342
OrderingTime: 0.4688143730163574
Sum: 0.9641878604888916
BuildTime: 28.56112051010132
AllTime: 29.52530837059021
Percentage: 3.27
