CalculatingTime: 0.2517547607421875
OrderingTime: 0.22075104713439941
Sum: 0.4725058078765869
BuildTime: 78.13260912895203
AllTime: 78.60511493682861
Percentage: 0.6
