CommandTime: 0.7843306064605713
AnalysisTime: 0.01270294189453125
CalculatingTime: 0.534926176071167
OrderingTime: 0.12726879119873047
Sum: 1.459228515625
BuildTime: 23.213080644607544
AllTime: 24.672309160232544
Percentage: 5.91
