CalculatingTime: 0.5235929489135742
OrderingTime: 0.0002124309539794922
Sum: 0.5238053798675537
BuildTime: 23.0647554397583
AllTime: 23.588560819625854
Percentage: 2.22
