CommandTime: 0.7496159076690674
AnalysisTime: 0.012691736221313477
CalculatingTime: 0.5468907356262207
OrderingTime: 0.17153000831604004
Sum: 1.4807283878326416
BuildTime: 22.90513324737549
AllTime: 24.38586163520813
Percentage: 6.07
