CommandTime: 0.741175651550293
AnalysisTime: 0.012622594833374023
CalculatingTime: 0.4810788631439209
OrderingTime: 0.16469097137451172
Sum: 1.3995680809020996
BuildTime: 23.086132287979126
AllTime: 24.485700368881226
Percentage: 5.72
