CalculatingTime: 0.3292858600616455
OrderingTime: 0.06400585174560547
Sum: 0.393291711807251
BuildTime: 105.16796803474426
AllTime: 105.56125974655151
Percentage: 0.37
