CommandTime: 0.7756538391113281
AnalysisTime: 0.01255488395690918
CalculatingTime: 0.5147237777709961
OrderingTime: 0.2603566646575928
Sum: 1.5632891654968262
BuildTime: 22.845640420913696
AllTime: 24.408929586410522
Percentage: 6.4
