CommandTime: 0.7321822643280029
AnalysisTime: 0.011957645416259766
CalculatingTime: 0.5276517868041992
OrderingTime: 0.38164258003234863
Sum: 1.6534342765808105
BuildTime: 22.932217359542847
AllTime: 24.585651636123657
Percentage: 6.73
