CalculatingTime: 0.29312872886657715
OrderingTime: 0.3421037197113037
Sum: 0.6352324485778809
BuildTime: 83.47791576385498
AllTime: 84.11314821243286
Percentage: 0.76
