CommandTime: 0.7709782123565674
AnalysisTime: 0.012643814086914062
CalculatingTime: 0.5356290340423584
OrderingTime: 0.3209052085876465
Sum: 1.6401562690734863
BuildTime: 28.61431360244751
AllTime: 30.254469871520996
Percentage: 5.42
