CalculatingTime: 0.5791089534759521
OrderingTime: 0.0002124309539794922
Sum: 0.5793213844299316
BuildTime: 28.934837341308594
AllTime: 29.514158725738525
Percentage: 1.96
