CalculatingTime: 0.5103063583374023
OrderingTime: 0.0001723766326904297
Sum: 0.5104787349700928
BuildTime: 34.32712531089783
AllTime: 34.83760404586792
Percentage: 1.47
