CalculatingTime: 0.5465524196624756
OrderingTime: 0.37949419021606445
Sum: 0.92604660987854
BuildTime: 34.08236265182495
AllTime: 35.00840926170349
Percentage: 2.65
