CalculatingTime: 0.512009859085083
OrderingTime: 0.06322908401489258
Sum: 0.5752389430999756
BuildTime: 34.19670033454895
AllTime: 34.771939277648926
Percentage: 1.65
