CalculatingTime: 0.29096531867980957
OrderingTime: 0.2904067039489746
Sum: 0.5813720226287842
BuildTime: 93.83588910102844
AllTime: 94.41726112365723
Percentage: 0.62
