CalculatingTime: 0.3354156017303467
OrderingTime: 0.2100048065185547
Sum: 0.5454204082489014
BuildTime: 82.9993622303009
AllTime: 83.5447826385498
Percentage: 0.65
