CalculatingTime: 0.4937262535095215
OrderingTime: 0.33175063133239746
Sum: 0.825476884841919
BuildTime: 28.52977228164673
AllTime: 29.355249166488647
Percentage: 2.81
