CalculatingTime: 0.5489904880523682
OrderingTime: 0.000202178955078125
Sum: 0.5491926670074463
BuildTime: 22.8120858669281
AllTime: 23.361278533935547
Percentage: 2.35
