CalculatingTime: 0.49709439277648926
OrderingTime: 0.0002040863037109375
Sum: 0.4972984790802002
BuildTime: 22.90952968597412
AllTime: 23.40682816505432
Percentage: 2.12
