CalculatingTime: 0.6029865741729736
OrderingTime: 0.00023055076599121094
Sum: 0.6032171249389648
BuildTime: 28.637893199920654
AllTime: 29.24111032485962
Percentage: 2.06
