CalculatingTime: 0.5418963432312012
OrderingTime: 0.00011944770812988281
Sum: 0.542015790939331
BuildTime: 28.43840718269348
AllTime: 28.980422973632812
Percentage: 1.87
