CalculatingTime: 0.49500179290771484
OrderingTime: 0.11538314819335938
Sum: 0.6103849411010742
BuildTime: 44.88548016548157
AllTime: 45.49586510658264
Percentage: 1.34
