CalculatingTime: 0.2735862731933594
OrderingTime: 0.17823028564453125
Sum: 0.4518165588378906
BuildTime: 110.35761427879333
AllTime: 110.80943083763123
Percentage: 0.41
