CalculatingTime: 0.29004955291748047
OrderingTime: 0.07546234130859375
Sum: 0.3655118942260742
BuildTime: 77.97367358207703
AllTime: 78.3391854763031
Percentage: 0.47
