CommandTime: 0.771259069442749
AnalysisTime: 0.012917518615722656
CalculatingTime: 0.5427193641662598
OrderingTime: 0.1331493854522705
Sum: 1.460045337677002
BuildTime: 23.119104862213135
AllTime: 24.579150199890137
Percentage: 5.94
