CalculatingTime: 0.5113847255706787
OrderingTime: 0.16243457794189453
Sum: 0.6738193035125732
BuildTime: 28.678515672683716
AllTime: 29.35233497619629
Percentage: 2.3
