CommandTime: 0.8128848075866699
AnalysisTime: 0.012499332427978516
CalculatingTime: 0.5420584678649902
OrderingTime: 0.217437744140625
Sum: 1.5848803520202637
BuildTime: 23.062584161758423
AllTime: 24.647464513778687
Percentage: 6.43
