CalculatingTime: 0.6401686668395996
OrderingTime: 0.0002193450927734375
Sum: 0.640388011932373
BuildTime: 28.75409436225891
AllTime: 29.394482374191284
Percentage: 2.18
