CalculatingTime: 0.29002952575683594
OrderingTime: 0.2355329990386963
Sum: 0.5255625247955322
BuildTime: 99.90850496292114
AllTime: 100.43406748771667
Percentage: 0.52
