CalculatingTime: 0.5904858112335205
OrderingTime: 0.00018835067749023438
Sum: 0.5906741619110107
BuildTime: 28.59830117225647
AllTime: 29.18897533416748
Percentage: 2.02
