CalculatingTime: 0.5659973621368408
OrderingTime: 0.0001900196075439453
Sum: 0.5661873817443848
BuildTime: 23.072486639022827
AllTime: 23.638674020767212
Percentage: 2.4
