CalculatingTime: 0.4940319061279297
OrderingTime: 0.21920323371887207
Sum: 0.7132351398468018
BuildTime: 39.83515691757202
AllTime: 40.54839205741882
Percentage: 1.76
