CommandTime: 0.7683405876159668
AnalysisTime: 0.012644529342651367
CalculatingTime: 0.5230481624603271
OrderingTime: 0.461348295211792
Sum: 1.7653815746307373
BuildTime: 23.15729308128357
AllTime: 24.922674655914307
Percentage: 7.08
