CalculatingTime: 0.2653353214263916
OrderingTime: 0.17137384414672852
Sum: 0.4367091655731201
BuildTime: 99.65997385978699
AllTime: 100.09668302536011
Percentage: 0.44
