CommandTime: 0.7666409015655518
AnalysisTime: 0.012678861618041992
CalculatingTime: 0.5225493907928467
OrderingTime: 0.6859345436096191
Sum: 1.9878036975860596
BuildTime: 22.865328550338745
AllTime: 24.853132247924805
Percentage: 8.0
