CommandTime: 0.7944750785827637
AnalysisTime: 0.012576818466186523
CalculatingTime: 0.5487275123596191
OrderingTime: 0.4393479824066162
Sum: 1.7951273918151855
BuildTime: 22.831068992614746
AllTime: 24.62619638442993
Percentage: 7.29
