CalculatingTime: 0.519212007522583
OrderingTime: 0.0001246929168701172
Sum: 0.5193367004394531
BuildTime: 22.992879390716553
AllTime: 23.512216091156006
Percentage: 2.21
