CalculatingTime: 0.5092930793762207
OrderingTime: 0.00019049644470214844
Sum: 0.5094835758209229
BuildTime: 28.626176834106445
AllTime: 29.135660409927368
Percentage: 1.75
