CalculatingTime: 0.5010251998901367
OrderingTime: 0.12641549110412598
Sum: 0.6274406909942627
BuildTime: 34.45056986808777
AllTime: 35.07801055908203
Percentage: 1.79
