CalculatingTime: 0.257702112197876
OrderingTime: 0.15535497665405273
Sum: 0.4130570888519287
BuildTime: 94.22363233566284
AllTime: 94.63668942451477
Percentage: 0.44
