CommandTime: 0.7811758518218994
AnalysisTime: 0.011853456497192383
CalculatingTime: 0.503018856048584
OrderingTime: 0.32819581031799316
Sum: 1.624243974685669
BuildTime: 22.95960783958435
AllTime: 24.58385181427002
Percentage: 6.61
