CalculatingTime: 0.5298111438751221
OrderingTime: 0.0002014636993408203
Sum: 0.5300126075744629
BuildTime: 28.66778016090393
AllTime: 29.197792768478394
Percentage: 1.82
