CommandTime: 0.7878267765045166
AnalysisTime: 0.013212442398071289
CalculatingTime: 0.5474140644073486
OrderingTime: 0.21998310089111328
Sum: 1.5684363842010498
BuildTime: 23.038610458374023
AllTime: 24.607046842575073
Percentage: 6.37
