CalculatingTime: 0.49909162521362305
OrderingTime: 0.11672091484069824
Sum: 0.6158125400543213
BuildTime: 34.08581066131592
AllTime: 34.70162320137024
Percentage: 1.77
