CommandTime: 0.749232292175293
AnalysisTime: 0.0122833251953125
CalculatingTime: 0.5317180156707764
OrderingTime: 0.3445398807525635
Sum: 1.6377735137939453
BuildTime: 28.48883605003357
AllTime: 30.126609563827515
Percentage: 5.44
