CommandTime: 0.7348320484161377
AnalysisTime: 0.012596845626831055
CalculatingTime: 0.5213704109191895
OrderingTime: 0.5949130058288574
Sum: 1.8637123107910156
BuildTime: 28.386907815933228
AllTime: 30.250620126724243
Percentage: 6.16
