CalculatingTime: 0.3012104034423828
OrderingTime: 0.06446504592895508
Sum: 0.3656754493713379
BuildTime: 72.4216103553772
AllTime: 72.78728580474854
Percentage: 0.5
