CalculatingTime: 0.2917757034301758
OrderingTime: 0.14642930030822754
Sum: 0.4382050037384033
BuildTime: 110.38910984992981
AllTime: 110.82731485366821
Percentage: 0.4
