CommandTime: 0.3099954128265381
AnalysisTime: 0.024700164794921875
CalculatingTime: 1.2680299282073975
OrderingTime: 0.18594837188720703
Sum: 1.7886738777160645
BuildTime: 1382.9260772069294
AllTime: 1384.7147510846455
Percentage: 0.13
