CommandTime: 0.3193075656890869
AnalysisTime: 0.024461030960083008
CalculatingTime: 1.2780773639678955
OrderingTime: 0.12940764427185059
Sum: 1.751253604888916
BuildTime: 1435.2152536710103
AllTime: 1436.9665072758992
Percentage: 0.12
