CalculatingTime: 0.523890495300293
OrderingTime: 0.0265352725982666
Sum: 0.5504257678985596
BuildTime: 1427.1579780578613
AllTime: 1427.70840382576
Percentage: 0.04
