CalculatingTime: 0.5440018177032471
OrderingTime: 0.03365182876586914
Sum: 0.5776536464691162
BuildTime: 1442.033994436264
AllTime: 1442.6116480827332
Percentage: 0.04
