CommandTime: 0.34869909286499023
AnalysisTime: 0.025356292724609375
CalculatingTime: 1.3156208992004395
OrderingTime: 0.05703616142272949
Sum: 1.7467124462127686
BuildTime: 1422.4630485375721
AllTime: 1424.209760983785
Percentage: 0.12
