CalculatingTime: 0.5278596878051758
OrderingTime: 0.026792049407958984
Sum: 0.5546517372131348
BuildTime: 1412.8919959068298
AllTime: 1413.446647644043
Percentage: 0.04
