CommandTime: 0.328233003616333
AnalysisTime: 0.024842023849487305
CalculatingTime: 1.3293416500091553
OrderingTime: 0.04587721824645996
Sum: 1.7282938957214355
BuildTime: 1416.291131178538
AllTime: 1418.0194250742595
Percentage: 0.12
