CommandTime: 0.3419506549835205
AnalysisTime: 0.025387287139892578
CalculatingTime: 1.3088066577911377
OrderingTime: 0.08762097358703613
Sum: 1.763765573501587
BuildTime: 1359.2207969824474
AllTime: 1360.984562555949
Percentage: 0.13
