CommandTime: 0.34377098083496094
AnalysisTime: 0.024963855743408203
CalculatingTime: 1.2838640213012695
OrderingTime: 0.12737607955932617
Sum: 1.7799749374389648
BuildTime: 1379.3890066941578
AllTime: 1381.1689816315968
Percentage: 0.13
