CalculatingTime: 0.5220859050750732
OrderingTime: 0.02610468864440918
Sum: 0.5481905937194824
BuildTime: 1452.6442398230236
AllTime: 1453.192430416743
Percentage: 0.04
