CalculatingTime: 0.5117285251617432
OrderingTime: 0.02727055549621582
Sum: 0.538999080657959
BuildTime: 1402.6874979337056
AllTime: 1403.2264970143635
Percentage: 0.04
