CalculatingTime: 0.5159978866577148
OrderingTime: 0.02638530731201172
Sum: 0.5423831939697266
BuildTime: 1195.8357286453247
AllTime: 1196.3781118392944
Percentage: 0.05
