CommandTime: 0.3291184902191162
AnalysisTime: 0.02701091766357422
CalculatingTime: 1.3037440776824951
OrderingTime: 0.0494379997253418
Sum: 1.7093114852905273
BuildTime: 1365.3296290238698
AllTime: 1367.0389405091603
Percentage: 0.13
