CalculatingTime: 0.5250451564788818
OrderingTime: 0.027065277099609375
Sum: 0.5521104335784912
BuildTime: 1374.6841389338176
AllTime: 1375.236249367396
Percentage: 0.04
