CommandTime: 0.3074941635131836
AnalysisTime: 0.025136709213256836
CalculatingTime: 1.1881442070007324
OrderingTime: 0.06761908531188965
Sum: 1.5883941650390625
BuildTime: 1232.281278848648
AllTime: 1233.8696730136871
Percentage: 0.13
