CommandTime: 0.31894874572753906
AnalysisTime: 0.02391219139099121
CalculatingTime: 1.2424211502075195
OrderingTime: 0.09495830535888672
Sum: 1.6802403926849365
BuildTime: 1389.8329807917278
AllTime: 1391.5132211844127
Percentage: 0.12
