CalculatingTime: 0.523735761642456
OrderingTime: 0.027146339416503906
Sum: 0.55088210105896
BuildTime: 1431.664057413737
AllTime: 1432.214939514796
Percentage: 0.04
