CalculatingTime: 0.5195567607879639
OrderingTime: 0.026414155960083008
Sum: 0.5459709167480469
BuildTime: 1451.9576683044434
AllTime: 1452.5036392211914
Percentage: 0.04
