CommandTime: 0.30010509490966797
AnalysisTime: 0.023485183715820312
CalculatingTime: 1.2071573734283447
OrderingTime: 0.15347814559936523
Sum: 1.6842257976531982
BuildTime: 1425.2522037823994
AllTime: 1426.9364295800526
Percentage: 0.12
