CalculatingTime: 0.5156729221343994
OrderingTime: 0.027191877365112305
Sum: 0.5428647994995117
BuildTime: 1434.6202738285065
AllTime: 1435.163138628006
Percentage: 0.04
