CalculatingTime: 0.5386791229248047
OrderingTime: 0.026987075805664062
Sum: 0.5656661987304688
BuildTime: 1360.304097811381
AllTime: 1360.8697640101116
Percentage: 0.04
