CommandTime: 0.3058130741119385
AnalysisTime: 0.023974895477294922
CalculatingTime: 1.3105494976043701
OrderingTime: 0.10305905342102051
Sum: 1.743396520614624
BuildTime: 1437.638992468516
AllTime: 1439.3823889891307
Percentage: 0.12
