CommandTime: 0.30255556106567383
AnalysisTime: 0.024221420288085938
CalculatingTime: 1.1558642387390137
OrderingTime: 0.14629077911376953
Sum: 1.628931999206543
BuildTime: 1324.8024433453877
AllTime: 1326.4313753445942
Percentage: 0.12
