CalculatingTime: 0.530052900314331
OrderingTime: 0.02710437774658203
Sum: 0.5571572780609131
BuildTime: 1379.9776542186737
AllTime: 1380.5348114967346
Percentage: 0.04
