CalculatingTime: 0.5259666442871094
OrderingTime: 0.026015281677246094
Sum: 0.5519819259643555
BuildTime: 1231.8823403517406
AllTime: 1232.434322277705
Percentage: 0.04
