CalculatingTime: 0.5182552337646484
OrderingTime: 0.027279376983642578
Sum: 0.545534610748291
BuildTime: 1382.7818697293599
AllTime: 1383.3274043401082
Percentage: 0.04
