CommandTime: 0.3112320899963379
AnalysisTime: 0.024426698684692383
CalculatingTime: 1.3182833194732666
OrderingTime: 0.06978940963745117
Sum: 1.723731517791748
BuildTime: 1376.8135243256886
AllTime: 1378.5372558434804
Percentage: 0.13
