CalculatingTime: 0.4953277111053467
OrderingTime: 0.014824867248535156
Sum: 0.5101525783538818
BuildTime: 1507.5440222422283
AllTime: 1508.0541748205821
Percentage: 0.03
