CalculatingTime: 0.518322229385376
OrderingTime: 0.026610374450683594
Sum: 0.5449326038360596
BuildTime: 1386.0408664544423
AllTime: 1386.5857990582783
Percentage: 0.04
