CalculatingTime: 0.5307250022888184
OrderingTime: 0.027323246002197266
Sum: 0.5580482482910156
BuildTime: 1387.8348858356476
AllTime: 1388.3929340839386
Percentage: 0.04
