CalculatingTime: 0.5208871364593506
OrderingTime: 0.026868104934692383
Sum: 0.547755241394043
BuildTime: 1450.627838452657
AllTime: 1451.175593694051
Percentage: 0.04
