CalculatingTime: 0.5232799053192139
OrderingTime: 0.02729320526123047
Sum: 0.5505731105804443
BuildTime: 1313.8800450166066
AllTime: 1314.430618127187
Percentage: 0.04
