CommandTime: 0.3196251392364502
AnalysisTime: 0.02501821517944336
CalculatingTime: 1.2769758701324463
OrderingTime: 0.05486583709716797
Sum: 1.6764850616455078
BuildTime: 1536.8267509937286
AllTime: 1538.5032360553741
Percentage: 0.11
