CalculatingTime: 0.5185167789459229
OrderingTime: 0.027249813079833984
Sum: 0.5457665920257568
BuildTime: 1453.3434555530548
AllTime: 1453.8892221450806
Percentage: 0.04
