CalculatingTime: 0.5365760326385498
OrderingTime: 0.027562379837036133
Sum: 0.5641384124755859
BuildTime: 1371.6374713579814
AllTime: 1372.201609770457
Percentage: 0.04
