CommandTime: 0.3132143020629883
AnalysisTime: 0.024675846099853516
CalculatingTime: 1.2532539367675781
OrderingTime: 0.03359627723693848
Sum: 1.6247403621673584
BuildTime: 1419.2077062129974
AllTime: 1420.8324465751648
Percentage: 0.11
