CommandTime: 0.3259849548339844
AnalysisTime: 0.024947643280029297
CalculatingTime: 1.3406343460083008
OrderingTime: 0.10752558708190918
Sum: 1.7990925312042236
BuildTime: 1373.9523374239604
AllTime: 1375.7514299551647
Percentage: 0.13
