CommandTime: 0.32472825050354004
AnalysisTime: 0.024014949798583984
CalculatingTime: 1.2376141548156738
OrderingTime: 0.1764662265777588
Sum: 1.7628235816955566
BuildTime: 1498.7776447931926
AllTime: 1500.5404683748882
Percentage: 0.12
