CommandTime: 0.34960007667541504
AnalysisTime: 0.025350093841552734
CalculatingTime: 1.2956759929656982
OrderingTime: 0.09738826751708984
Sum: 1.7680144309997559
BuildTime: 1451.8429396947224
AllTime: 1453.6109541257222
Percentage: 0.12
