CommandTime: 0.3050057888031006
AnalysisTime: 0.023871898651123047
CalculatingTime: 1.2861626148223877
OrderingTime: 0.20955395698547363
Sum: 1.824594259262085
BuildTime: 1336.5622030099232
AllTime: 1338.3867972691853
Percentage: 0.14
