CalculatingTime: 0.5469064712524414
OrderingTime: 0.02550506591796875
Sum: 0.5724115371704102
BuildTime: 1417.2135665416718
AllTime: 1417.7859780788422
Percentage: 0.04
