CommandTime: 0.32021164894104004
AnalysisTime: 0.02392101287841797
CalculatingTime: 1.2310466766357422
OrderingTime: 0.04460453987121582
Sum: 1.619783878326416
BuildTime: 1298.0353646278381
AllTime: 1299.6551485061646
Percentage: 0.12
