CommandTime: 0.31597375869750977
AnalysisTime: 0.026781082153320312
CalculatingTime: 1.2542922496795654
OrderingTime: 0.1587982177734375
Sum: 1.755845308303833
BuildTime: 1193.573929309845
AllTime: 1195.3297746181488
Percentage: 0.15
