CommandTime: 0.32915472984313965
AnalysisTime: 0.025156497955322266
CalculatingTime: 1.2723016738891602
OrderingTime: 0.0940084457397461
Sum: 1.7206213474273682
BuildTime: 1337.075517018636
AllTime: 1338.7961383660634
Percentage: 0.13
