CalculatingTime: 0.518134593963623
OrderingTime: 0.0269320011138916
Sum: 0.5450665950775146
BuildTime: 1445.6684023539226
AllTime: 1446.2134689490001
Percentage: 0.04
