CommandTime: 0.3039572238922119
AnalysisTime: 0.025281190872192383
CalculatingTime: 1.3152155876159668
OrderingTime: 0.047835350036621094
Sum: 1.6922893524169922
BuildTime: 1510.563892841339
AllTime: 1512.256182193756
Percentage: 0.11
