CalculatingTime: 0.5288965702056885
OrderingTime: 0.0263826847076416
Sum: 0.5552792549133301
BuildTime: 1321.7077991962433
AllTime: 1322.2630784511566
Percentage: 0.04
