CommandTime: 0.3355448246002197
AnalysisTime: 0.02478313446044922
CalculatingTime: 1.3382225036621094
OrderingTime: 0.07108187675476074
Sum: 1.769632339477539
BuildTime: 1452.8966398239136
AllTime: 1454.666272163391
Percentage: 0.12
