CalculatingTime: 0.5335783958435059
OrderingTime: 0.027203798294067383
Sum: 0.5607821941375732
BuildTime: 1335.5821210543315
AllTime: 1336.142903248469
Percentage: 0.04
