CommandTime: 0.3215751647949219
AnalysisTime: 0.023586511611938477
CalculatingTime: 1.2223479747772217
OrderingTime: 0.07693862915039062
Sum: 1.6444482803344727
BuildTime: 1440.5050059954326
AllTime: 1442.149454275767
Percentage: 0.11
