CalculatingTime: 0.5471301078796387
OrderingTime: 0.027593374252319336
Sum: 0.574723482131958
BuildTime: 1418.9321015675862
AllTime: 1419.5068250497181
Percentage: 0.04
