CalculatingTime: 0.5253849029541016
OrderingTime: 0.02735733985900879
Sum: 0.5527422428131104
BuildTime: 1424.3063107331593
AllTime: 1424.8590529759724
Percentage: 0.04
