CommandTime: 0.35135650634765625
AnalysisTime: 0.024507761001586914
CalculatingTime: 1.2942941188812256
OrderingTime: 0.18192410469055176
Sum: 1.8520824909210205
BuildTime: 1425.626273393631
AllTime: 1427.478355884552
Percentage: 0.13
