CalculatingTime: 0.5272703170776367
OrderingTime: 0.026505231857299805
Sum: 0.5537755489349365
BuildTime: 1361.3609966437023
AllTime: 1361.9147721926372
Percentage: 0.04
