CommandTime: 0.3800063133239746
AnalysisTime: 0.024326086044311523
CalculatingTime: 1.3456223011016846
OrderingTime: 0.04560065269470215
Sum: 1.7955553531646729
BuildTime: 1418.467047850291
AllTime: 1420.2626032034557
Percentage: 0.13
