CommandTime: 0.32265639305114746
AnalysisTime: 0.023775815963745117
CalculatingTime: 1.278066873550415
OrderingTime: 0.057591915130615234
Sum: 1.6820909976959229
BuildTime: 1447.8024417559307
AllTime: 1449.4845327536266
Percentage: 0.12
