CalculatingTime: 0.5048596858978271
OrderingTime: 0.02787041664123535
Sum: 0.5327301025390625
BuildTime: 1426.4817028045654
AllTime: 1427.0144329071045
Percentage: 0.04
