CalculatingTime: 0.5055136680603027
OrderingTime: 0.026297569274902344
Sum: 0.5318112373352051
BuildTime: 1439.2333666483562
AllTime: 1439.7651778856914
Percentage: 0.04
