CommandTime: 0.30869483947753906
AnalysisTime: 0.024844884872436523
CalculatingTime: 1.3058977127075195
OrderingTime: 0.09367203712463379
Sum: 1.733109474182129
BuildTime: 1376.185954173406
AllTime: 1377.919063647588
Percentage: 0.13
