CommandTime: 0.31321048736572266
AnalysisTime: 0.02531290054321289
CalculatingTime: 1.1757087707519531
OrderingTime: 0.06383800506591797
Sum: 1.5780701637268066
BuildTime: 1428.2012731234233
AllTime: 1429.7793432871501
Percentage: 0.11
