CalculatingTime: 0.4937865734100342
OrderingTime: 0.026342153549194336
Sum: 0.5201287269592285
BuildTime: 1417.6715329488118
AllTime: 1418.191661675771
Percentage: 0.04
