CommandTime: 0.35159730911254883
AnalysisTime: 0.02497076988220215
CalculatingTime: 1.3481254577636719
OrderingTime: 0.11901164054870605
Sum: 1.843705177307129
BuildTime: 1456.6664775212605
AllTime: 1458.5101826985676
Percentage: 0.13
