CalculatingTime: 0.5304641723632812
OrderingTime: 0.027463436126708984
Sum: 0.5579276084899902
BuildTime: 1532.9996081193287
AllTime: 1533.5575357278187
Percentage: 0.04
