CommandTime: 0.3078320026397705
AnalysisTime: 0.024567127227783203
CalculatingTime: 1.2490651607513428
OrderingTime: 0.11107063293457031
Sum: 1.6925349235534668
BuildTime: 1428.2113138834636
AllTime: 1429.903848807017
Percentage: 0.12
