CalculatingTime: 25.7044415473938
OrderingTime: 0.42252254486083984
Sum: 26.12696409225464
BuildTime: 10222.724932909012
AllTime: 10248.851897001266
Percentage: 0.25
