CalculatingTime: 46.74243712425232
OrderingTime: 0.729686975479126
Sum: 47.472124099731445
BuildTime: 9697.006999492645
AllTime: 9744.479123592377
Percentage: 0.49
