CommandTime: 11.231066942214966
AnalysisTime: 0.8167822360992432
CalculatingTime: 46.97054195404053
OrderingTime: 0.11389565467834473
Sum: 59.13228678703308
BuildTime: 11736.634833812714
AllTime: 11795.767120599747
Percentage: 0.5
