CommandTime: 11.4505615234375
AnalysisTime: 0.820167064666748
CalculatingTime: 50.7895188331604
OrderingTime: 0.09404158592224121
Sum: 63.15428900718689
BuildTime: 12179.948056936264
AllTime: 12243.102345943451
Percentage: 0.52
