CommandTime: 12.089402675628662
AnalysisTime: 0.8201210498809814
CalculatingTime: 49.67435932159424
OrderingTime: 0.13549399375915527
Sum: 62.71937704086304
BuildTime: 14821.429688930511
AllTime: 14884.149065971375
Percentage: 0.42
