CalculatingTime: 24.22384238243103
OrderingTime: 0.31038618087768555
Sum: 24.534228563308716
BuildTime: 12356.178096294403
AllTime: 12380.712324857712
Percentage: 0.2
