CalculatingTime: 51.20178556442261
OrderingTime: 0.00022101402282714844
Sum: 51.202006578445435
BuildTime: 10650.683384180069
AllTime: 10701.885390758514
Percentage: 0.48
