CalculatingTime: 49.308724880218506
OrderingTime: 0.7903096675872803
Sum: 50.099034547805786
BuildTime: 9955.15392422676
AllTime: 10005.252958774567
Percentage: 0.5
