CommandTime: 11.048706531524658
AnalysisTime: 0.7932705879211426
CalculatingTime: 49.25409770011902
OrderingTime: 0.5041813850402832
Sum: 61.6002562046051
BuildTime: 10667.855006456375
AllTime: 10729.45526266098
Percentage: 0.57
