CommandTime: 11.220252513885498
AnalysisTime: 0.8049757480621338
CalculatingTime: 50.176178216934204
OrderingTime: 0.15769314765930176
Sum: 62.35909962654114
BuildTime: 11838.559938907623
AllTime: 11900.919038534164
Percentage: 0.52
