CalculatingTime: 50.72148251533508
OrderingTime: 0.8200132846832275
Sum: 51.54149580001831
BuildTime: 10143.408690929413
AllTime: 10194.950186729431
Percentage: 0.51
