CalculatingTime: 24.380414247512817
OrderingTime: 0.4055142402648926
Sum: 24.78592848777771
BuildTime: 11674.225169181824
AllTime: 11699.011097669601
Percentage: 0.21
