CalculatingTime: 45.34664058685303
OrderingTime: 0.7918498516082764
Sum: 46.138490438461304
BuildTime: 10620.25761961937
AllTime: 10666.39611005783
Percentage: 0.43
