CalculatingTime: 24.357672452926636
OrderingTime: 0.8780646324157715
Sum: 25.235737085342407
BuildTime: 11220.403083324432
AllTime: 11245.638820409775
Percentage: 0.22
