CommandTime: 11.378209590911865
AnalysisTime: 0.8113875389099121
CalculatingTime: 46.36081385612488
OrderingTime: 0.20934009552001953
Sum: 58.759751081466675
BuildTime: 11798.194252729416
AllTime: 11856.954003810883
Percentage: 0.5
