CalculatingTime: 24.91901445388794
OrderingTime: 0.46146702766418457
Sum: 25.380481481552124
BuildTime: 9628.615779399872
AllTime: 9653.996260881424
Percentage: 0.26
