CalculatingTime: 25.833139896392822
OrderingTime: 2.897618293762207
Sum: 28.73075819015503
BuildTime: 3775.610017299652
AllTime: 3804.340775489807
Percentage: 0.76
