CalculatingTime: 49.400418281555176
OrderingTime: 0.14551186561584473
Sum: 49.54593014717102
BuildTime: 11672.831361293793
AllTime: 11722.377291440964
Percentage: 0.42
