CalculatingTime: 50.83681130409241
OrderingTime: 0.0002295970916748047
Sum: 50.83704090118408
BuildTime: 10650.987339735031
AllTime: 10701.824380636215
Percentage: 0.48
