CalculatingTime: 49.824135065078735
OrderingTime: 0.0002148151397705078
Sum: 49.824349880218506
BuildTime: 12293.778795957565
AllTime: 12343.603145837784
Percentage: 0.4
