CalculatingTime: 45.10093903541565
OrderingTime: 1.5212211608886719
Sum: 46.62216019630432
BuildTime: 3785.755115509033
AllTime: 3832.3772757053375
Percentage: 1.22
