CommandTime: 10.794771194458008
AnalysisTime: 0.8130080699920654
CalculatingTime: 47.40100288391113
OrderingTime: 0.4243581295013428
Sum: 59.43314027786255
BuildTime: 11057.740382671356
AllTime: 11117.173522949219
Percentage: 0.53
