CalculatingTime: 45.42778658866882
OrderingTime: 0.00023555755615234375
Sum: 45.428022146224976
BuildTime: 3013.491091966629
AllTime: 3058.919114112854
Percentage: 1.49
