CalculatingTime: 50.41997218132019
OrderingTime: 0.12700319290161133
Sum: 50.5469753742218
BuildTime: 10163.561701536179
AllTime: 10214.1086769104
Percentage: 0.49
