CalculatingTime: 47.49827766418457
OrderingTime: 1.2365825176239014
Sum: 48.73486018180847
BuildTime: 9647.48453950882
AllTime: 9696.219399690628
Percentage: 0.5
