CalculatingTime: 25.267839193344116
OrderingTime: 0.5518090724945068
Sum: 25.819648265838623
BuildTime: 12199.13901090622
AllTime: 12224.958659172058
Percentage: 0.21
