CalculatingTime: 47.726876735687256
OrderingTime: 0.0002052783966064453
Sum: 47.72708201408386
BuildTime: 12723.659111261368
AllTime: 12771.386193275452
Percentage: 0.37
