CalculatingTime: 50.28613591194153
OrderingTime: 0.00022792816162109375
Sum: 50.28636384010315
BuildTime: 11744.405787467957
AllTime: 11794.69215130806
Percentage: 0.43
