CommandTime: 11.17347526550293
AnalysisTime: 0.8079833984375
CalculatingTime: 50.099504470825195
OrderingTime: 0.2534327507019043
Sum: 62.33439588546753
BuildTime: 10666.272954940796
AllTime: 10728.607350826263
Percentage: 0.58
