CalculatingTime: 24.333326816558838
OrderingTime: 0.25037527084350586
Sum: 24.583702087402344
BuildTime: 11915.950405359268
AllTime: 11940.53410744667
Percentage: 0.21
