CommandTime: 11.260061740875244
AnalysisTime: 0.8147702217102051
CalculatingTime: 47.503504276275635
OrderingTime: 0.283827543258667
Sum: 59.86216378211975
BuildTime: 11708.486370563507
AllTime: 11768.348534345627
Percentage: 0.51
