CalculatingTime: 46.72028136253357
OrderingTime: 0.00022649765014648438
Sum: 46.720507860183716
BuildTime: 11214.338964939117
AllTime: 11261.059472799301
Percentage: 0.41
