CalculatingTime: 45.63632583618164
OrderingTime: 0.9026880264282227
Sum: 46.53901386260986
BuildTime: 11304.411702156067
AllTime: 11350.950716018677
Percentage: 0.41
