CommandTime: 10.960952758789062
AnalysisTime: 0.8098909854888916
CalculatingTime: 48.147704124450684
OrderingTime: 0.720022439956665
Sum: 60.6385703086853
BuildTime: 10340.987405776978
AllTime: 10401.625976085663
Percentage: 0.58
