CommandTime: 11.436048746109009
AnalysisTime: 0.8226323127746582
CalculatingTime: 50.210169076919556
OrderingTime: 0.19347047805786133
Sum: 62.662320613861084
BuildTime: 12211.37027668953
AllTime: 12274.03259730339
Percentage: 0.51
