CalculatingTime: 49.92057204246521
OrderingTime: 0.0002422332763671875
Sum: 49.92081427574158
BuildTime: 10420.964458227158
AllTime: 10470.8852725029
Percentage: 0.48
