CommandTime: 11.887956380844116
AnalysisTime: 0.8251011371612549
CalculatingTime: 50.37276268005371
OrderingTime: 0.0659632682800293
Sum: 63.15178346633911
BuildTime: 12436.499819517136
AllTime: 12499.651602983475
Percentage: 0.51
