CalculatingTime: 47.69723677635193
OrderingTime: 0.11372184753417969
Sum: 47.81095862388611
BuildTime: 11840.916833162308
AllTime: 11888.727791786194
Percentage: 0.4
