CalculatingTime: 25.555206298828125
OrderingTime: 0.5739071369171143
Sum: 26.12911343574524
BuildTime: 12642.324250221252
AllTime: 12668.453363656998
Percentage: 0.21
