CalculatingTime: 25.271175861358643
OrderingTime: 0.25780344009399414
Sum: 25.528979301452637
BuildTime: 10237.765280723572
AllTime: 10263.294260025024
Percentage: 0.25
