CalculatingTime: 47.07562279701233
OrderingTime: 0.5539095401763916
Sum: 47.62953233718872
BuildTime: 11263.070050954819
AllTime: 11310.699583292007
Percentage: 0.42
