CalculatingTime: 46.70224952697754
OrderingTime: 0.0002288818359375
Sum: 46.70247840881348
BuildTime: 10011.286425590515
AllTime: 10057.988903999329
Percentage: 0.46
