CommandTime: 9.269179105758667
AnalysisTime: 0.8241515159606934
CalculatingTime: 42.76317095756531
OrderingTime: 1.0454652309417725
Sum: 53.90196681022644
BuildTime: 3772.251556158066
AllTime: 3826.1535229682922
Percentage: 1.41
