CalculatingTime: 25.589579582214355
OrderingTime: 0.3002033233642578
Sum: 25.889782905578613
BuildTime: 11261.426870822906
AllTime: 11287.316653728485
Percentage: 0.23
