CalculatingTime: 44.71774220466614
OrderingTime: 0.3445117473602295
Sum: 45.06225395202637
BuildTime: 12379.35534954071
AllTime: 12424.417603492737
Percentage: 0.36
