CalculatingTime: 49.8047513961792
OrderingTime: 0.0913240909576416
Sum: 49.89607548713684
BuildTime: 11267.758404493332
AllTime: 11317.654479980469
Percentage: 0.44
