CalculatingTime: 49.34348821640015
OrderingTime: 0.17237567901611328
Sum: 49.51586389541626
BuildTime: 11612.762203216553
AllTime: 11662.278067111969
Percentage: 0.42
