CalculatingTime: 24.350857973098755
OrderingTime: 0.30045652389526367
Sum: 24.65131449699402
BuildTime: 11572.542541980743
AllTime: 11597.193856477737
Percentage: 0.21
