CommandTime: 10.457564353942871
AnalysisTime: 0.7833130359649658
CalculatingTime: 44.978984117507935
OrderingTime: 0.24794840812683105
Sum: 56.4678099155426
BuildTime: 9777.149167060852
AllTime: 9833.616976976395
Percentage: 0.57
