CommandTime: 11.13574504852295
AnalysisTime: 0.8285059928894043
CalculatingTime: 47.323307037353516
OrderingTime: 0.517021894454956
Sum: 59.804579973220825
BuildTime: 11278.913786411285
AllTime: 11338.718366384506
Percentage: 0.53
