CalculatingTime: 49.54959726333618
OrderingTime: 0.00022125244140625
Sum: 49.54981851577759
BuildTime: 12052.81908607483
AllTime: 12102.368904590607
Percentage: 0.41
