CommandTime: 11.669195890426636
AnalysisTime: 0.7860801219940186
CalculatingTime: 47.71066212654114
OrderingTime: 0.24771332740783691
Sum: 60.41365146636963
BuildTime: 12898.56296157837
AllTime: 12958.976613044739
Percentage: 0.47
