CalculatingTime: 26.243427276611328
OrderingTime: 0.17528843879699707
Sum: 26.418715715408325
BuildTime: 11673.0785009861
AllTime: 11699.497216701508
Percentage: 0.23
