CalculatingTime: 24.389759302139282
OrderingTime: 0.2622792720794678
Sum: 24.65203857421875
BuildTime: 9451.865907430649
AllTime: 9476.517946004868
Percentage: 0.26
