CalculatingTime: 48.39977717399597
OrderingTime: 0.149247407913208
Sum: 48.54902458190918
BuildTime: 14222.999603271484
AllTime: 14271.548627853394
Percentage: 0.34
