CalculatingTime: 49.59373426437378
OrderingTime: 0.00023603439331054688
Sum: 49.59397029876709
BuildTime: 14473.51369690895
AllTime: 14523.107667207718
Percentage: 0.34
