CalculatingTime: 47.59129977226257
OrderingTime: 0.00021839141845703125
Sum: 47.59151816368103
BuildTime: 10030.609599351883
AllTime: 10078.201117515564
Percentage: 0.47
