CalculatingTime: 47.538116455078125
OrderingTime: 0.0002231597900390625
Sum: 47.538339614868164
BuildTime: 11699.809483289719
AllTime: 11747.347822904587
Percentage: 0.4
