CalculatingTime: 48.210570335388184
OrderingTime: 0.00022912025451660156
Sum: 48.2107994556427
BuildTime: 12516.269052028656
AllTime: 12564.479851484299
Percentage: 0.38
