CalculatingTime: 25.33859157562256
OrderingTime: 0.22837233543395996
Sum: 25.56696391105652
BuildTime: 14231.935760498047
AllTime: 14257.502724409103
Percentage: 0.18
