CalculatingTime: 47.93399119377136
OrderingTime: 0.00021338462829589844
Sum: 47.93420457839966
BuildTime: 11626.046131134033
AllTime: 11673.980335712433
Percentage: 0.41
