CalculatingTime: 24.746538400650024
OrderingTime: 1.4099338054656982
Sum: 26.156472206115723
BuildTime: 9990.437593221664
AllTime: 10016.59406542778
Percentage: 0.26
