CalculatingTime: 49.68785500526428
OrderingTime: 0.00019240379333496094
Sum: 49.68804740905762
BuildTime: 12170.8786008358
AllTime: 12220.566648244858
Percentage: 0.41
