CalculatingTime: 45.90897464752197
OrderingTime: 0.6596448421478271
Sum: 46.5686194896698
BuildTime: 11232.247128725052
AllTime: 11278.815748214722
Percentage: 0.41
