[    0,     0,     0,     0,     0,     0,     0,     0,     0,     0,     0,     0,     0,     0,     0,     0,     0,     0,     0,     0,     0]
[    0,     0,  3203,   740,  3200,  3313,  2979,   740,   818,   770,  2979,   746,    83,   818,   736,  2879,   750,   814,   766,   828,   760]
[    0,  3203,     0,  3073,  5238,  5074,  4740,  3173,  3174,  3103,  4740,  3079,  3199,  3074,  3169,  4740,  3183,  3070,  3199,  3084,  3193]
[    0,   740,  3073,     0,  3070,  3183,  2849,   710,   788,   740,  2849,   716,   736,   788,   706,  2849,   720,   784,   736,   798,   730]
[    0,  3200,  5238,  3070,     0,  5348,  5014,  3170,  3169,  3100,  5014,  3076,  3196,  3069,  3166,  5014,  3180,  3065,  3196,  3079,  3190]
[    0,  3313,  5074,  3183,  5348,     0,  4850,  3283,  3284,  3213,  4850,  3289,  3309,  3184,  3279,  4850,  3293,  3180,  3309,  3194,  3303]
[    0,  2979,  4740,  2849,  5014,  4850,     0,  2949,  2950,  2879,  4516,  2955,  2975,  2850,  2945,  4516,  2959,  2846,  2975,  2860,  2969]
[    0,   740,  3173,   710,  3170,  3283,  2949,     0,   788,   740,  2949,   716,   736,    78,   706,  2849,   720,   784,   736,   798,   730]
[    0,   818,  3174,   788,  3169,  3284,  2950,   788,     0,   818,  2950,   794,   814,   710,   784,  2950,   798,   706,   814,   720,   808]
[    0,   770,  3103,   740,  3100,  3213,  2879,   740,   818,     0,  2979,   746,   766,   818,   736,  2879,   750,   814,   766,   828,   760]
[    0,  2979,  4740,  2849,  5014,  4850,  4516,  2949,  2950,  2979,     0,  2955,  2975,  2950,  2945,     0,  2959,  2946,  2975,  2860,  2969]
[    0,   746,  3079,   716,  3076,  3289,  2955,   716,   794,   746,  2955,     0,   742,   794,   712,  2855,   726,   790,   742,   804,   736]
[    0,    83,  3199,   736,  3196,  3309,  2975,   736,   814,   766,  2975,   742,     0,   814,   732,  2875,   746,   810,   762,   824,   756]
[    0,   818,  3074,   788,  3069,  3184,  2850,    78,   710,   818,  2950,   794,   814,     0,   784,  2850,   798,   706,   814,   720,   808]
[    0,   736,  3169,   706,  3166,  3279,  2945,   706,   784,   736,  2945,   712,   732,   784,     0,  2945,   716,   780,   732,   794,   726]
[    0,  2879,  4740,  2849,  5014,  4850,  4516,  2849,  2950,  2879,     0,  2855,  2875,  2850,  2945,     0,  2859,  2846,  2875,  2860,  2969]
[    0,   750,  3183,   720,  3180,  3293,  2959,   720,   798,   750,  2959,   726,   746,   798,   716,  2859,     0,   794,   746,   808,   740]
[    0,   814,  3070,   784,  3065,  3180,  2846,   784,   706,   814,  2946,   790,   810,   706,   780,  2846,   794,     0,   810,   716,   804]
[    0,   766,  3199,   736,  3196,  3309,  2975,   736,   814,   766,  2975,   742,   762,   814,   732,  2875,   746,   810,     0,   824,   756]
[    0,   828,  3084,   798,  3079,  3194,  2860,   798,   720,   828,  2860,   804,   824,   720,   794,  2860,   808,   716,   824,     0,   818]
[    0,   760,  3193,   730,  3190,  3303,  2969,   730,   808,   760,  2969,   736,   756,   808,   726,  2969,   740,   804,   756,   818,     0]