[    0,  6319,  6705,  5279,  6321,  5156,  5408,  6762,  6835,  7000,  6523,  6767,  6776,  6526,  6707,  6615,  5408,  5206,  6480,  6415,  5154]
[ 6319,     0,   735,  2819,  3076,  2870,  2940,   493,  3543,   853,   306,   494,  3515,  3244,  3545,  3361,  2940,  2832,   388,  3260,  2869]
[ 6705,   735,     0,  2901,  3545,  2663,  2812,   691,  3493,    89,   770,   692,  3336,  3619,  3271,  3413,  2812,  2710,   587,  3403,  2662]
[ 5279,  2819,  2901,     0,  2725,   492,   364,  3091,  2767,  3023,  2951,  3094,  2784,  2859,  2805,  2629,   364,   445,  2974,  2902,   491]
[ 6321,  3076,  3545,  2725,     0,  2870,  2848,  3375,   694,  3702,  3244,  3377,   674,   307,   736,   519,  2848,  2834,  3230,   452,  2870]
[ 5156,  2870,  2663,   492,  2870,     0,   290,  2932,  2834,  2780,  2915,  2933,  2729,  2917,  2663,  2783,   290,   201,  2815,  2751,     1]
[ 5408,  2940,  2812,   364,  2848,   290,     0,  3000,  2890,  2932,  3074,  3001,  2692,  2982,  2714,  2752,     0,    88,  2884,  2811,   289]
[ 6762,   493,   691,  3091,  3375,  2932,  3000,     0,  3704,   620,   476,     2,  3583,  3406,  3613,  3662,  3000,  2894,    87,  3328,  2931]
[ 6835,  3543,  3493,  2767,   694,  2834,  2890,  3704,     0,  3498,  3474,  3707,   566,   546,   499,   319,  2890,  2883,  3698,   784,  2833]
[ 7000,   853,    89,  3023,  3702,  2780,  2932,   620,  3498,     0,   706,   622,  3486,  3636,  3419,  3564,  2932,  2829,   701,  3558,  2779]
[ 6523,   306,   770,  2951,  3244,  2915,  3074,   476,  3474,   706,     0,   479,  3686,  3176,  3619,  3530,  3074,  2964,   550,  3334,  2914]
[ 6767,   494,   692,  3094,  3377,  2933,  3001,     2,  3707,   622,   479,     0,  3583,  3408,  3615,  3663,  3001,  2895,    85,  3328,  2933]
[ 6776,  3515,  3336,  2784,   674,  2729,  2692,  3583,   566,  3486,  3686,  3583,     0,   838,   219,   398,  2692,  2692,  3438,   588,  2729]
[ 6526,  3244,  3619,  2859,   307,  2917,  2982,  3406,   546,  3636,  3176,  3408,   838,     0,   771,   682,  2982,  2966,  3399,   486,  2916]
[ 6707,  3545,  3271,  2805,   736,  2663,  2714,  3613,   499,  3419,  3619,  3615,   219,   771,     0,   460,  2714,  2712,  3468,   523,  2663]
[ 6615,  3361,  3413,  2629,   519,  2783,  2752,  3662,   319,  3564,  3530,  3663,   398,   682,   460,     0,  2752,  2747,  3515,   737,  2783]
[ 5408,  2940,  2812,   364,  2848,   290,     0,  3000,  2890,  2932,  3074,  3001,  2692,  2982,  2714,  2752,     0,    88,  2884,  2811,   289]
[ 5206,  2832,  2710,   445,  2834,   201,    88,  2894,  2883,  2829,  2964,  2895,  2692,  2966,  2712,  2747,    88,     0,  2779,  2799,   200]
[ 6480,   388,   587,  2974,  3230,  2815,  2884,    87,  3698,   701,   550,    85,  3438,  3399,  3468,  3515,  2884,  2779,     0,  3183,  2815]
[ 6415,  3260,  3403,  2902,   452,  2751,  2811,  3328,   784,  3558,  3334,  3328,   588,   486,   523,   737,  2811,  2799,  3183,     0,  2751]
[ 5154,  2869,  2662,   491,  2870,     1,   289,  2931,  2833,  2779,  2914,  2933,  2729,  2916,  2663,  2783,   289,   200,  2815,  2751,     0]