[    0,  5206,  6697,  4933,  6544,  6837,  6694,  4937,  5030,  6544,  5178,  5281,  5279,  7003,  6319,  6252,  5208,  6908,  5086,  5208,  6411]
[ 5206,     0,  2914,   495,  2765,  2883,  2912,   496,   405,  2766,   534,   446,   445,  2831,  2833,  2854,     1,  2864,   360,     1,  2798]
[ 6697,  2914,     0,  2652,  3625,  3638,  3259,  2653,  2960,   777,  2704,  3021,  3020,   554,  3405,   492,  2915,  3707,  3010,  2915,    85]
[ 4933,   495,  2652,     0,  2878,  3003,  2651,     2,   558,  2878,   278,   700,   699,  2949,  2658,  2594,   496,  3070,   608,   496,  2538]
[ 6544,  2765,  3625,  2878,     0,    87,   776,  2879,  2598,  3192,  3026,  2748,  2747,  3499,   582,  3325,  2766,   322,  2648,  2766,  3479]
[ 6837,  2883,  3638,  3003,    87,     0,   709,  3003,  2715,  3339,  3151,  2866,  2866,  3500,   694,  3477,  2883,   238,  2765,  2883,  3632]
[ 6694,  2912,  3259,  2651,   776,   709,     0,  2652,  2959,  3625,  2798,  3113,  3112,  3557,   556,  3340,  2913,   777,  3008,  2913,  3259]
[ 4937,   496,  2653,     2,  2879,  3003,  2652,     0,   560,  2880,   279,   701,   701,  2952,  2659,  2595,   496,  3071,   608,   496,  2540]
[ 5030,   405,  2960,   558,  2598,  2715,  2959,   560,     0,  2598,   695,   284,   283,  2876,  2752,  2687,   406,  2784,   198,   406,  2841]
[ 6544,  2766,   777,  2878,  3192,  3339,  3625,  2880,  2598,     0,  2933,  2651,  2650,   504,  3390,   516,  2767,  3407,  2649,  2767,   670]
[ 5178,   534,  2704,   278,  3026,  3151,  2798,   279,   695,  2933,     0,   576,   576,  3001,  2720,  2648,   534,  3130,   649,   534,  2589]
[ 5281,   446,  3021,   700,  2748,  2866,  3113,   701,   284,  2651,   576,     0,     1,  2928,  2819,  2747,   446,  2845,    87,   446,  2901]
[ 5279,   445,  3020,   699,  2747,  2866,  3112,   701,   283,  2650,   576,     1,     0,  2927,  2819,  2747,   446,  2845,    88,   446,  2900]
[ 7003,  2831,   554,  2949,  3499,  3500,  3557,  2952,  2876,   504,  3001,  2928,  2927,     0,  3702,   789,  2832,  3567,  2927,  2832,   635]
[ 6319,  2833,  3405,  2658,   582,   694,   556,  2659,  2752,  3390,  2720,  2819,  2819,  3702,     0,  3105,  2833,   631,  2716,  2833,  3259]
[ 6252,  2854,   492,  2594,  3325,  3477,  3340,  2595,  2687,   516,  2648,  2747,  2747,   789,  3105,     0,  2854,  3545,  2737,  2854,   386]
[ 5208,     1,  2915,   496,  2766,  2883,  2913,   496,   406,  2767,   534,   446,   446,  2832,  2833,  2854,     0,  2864,   360,     0,  2799]
[ 6908,  2864,  3707,  3070,   322,   238,   777,  3071,  2784,  3407,  3130,  2845,  2845,  3567,   631,  3545,  2864,     0,  2747,  2864,  3699]
[ 5086,   360,  3010,   608,  2648,  2765,  3008,   608,   198,  2649,   649,    87,    88,  2927,  2716,  2737,   360,  2747,     0,   360,  2891]
[ 5208,     1,  2915,   496,  2766,  2883,  2913,   496,   406,  2767,   534,   446,   446,  2832,  2833,  2854,     0,  2864,   360,     0,  2799]
[ 6411,  2798,    85,  2538,  3479,  3632,  3259,  2540,  2841,   670,  2589,  2901,  2900,   635,  3259,   386,  2799,  3699,  2891,  2799,     0]