[    0,  6691,  6705,  5086,  5204,  4985,  5154,  5034,  6600,  6705,  6411,  5126,  5354,  5084,  4809,  5281,  6480,  6837,  6319,  5084,  5358]
[ 6691,     0,  3544,  3719,  3640,  3429,  3591,  3671,  3406,   622,    85,  3505,  3725,  3718,  3456,  3851,  3324,   709,   554,  3718,  3728]
[ 6705,  3544,     0,  3522,  3446,  3573,  3398,  3474,   838,  3270,  3402,  3525,  3398,  3521,  3598,  3523,   587,  3494,  3544,  3521,  3400]
[ 5086,  3719,  3522,     0,   360,   562,   406,   198,  3551,  3521,  3573,   694,   495,     1,   491,    87,  3562,  3513,  3407,     1,   495]
[ 5204,  3640,  3446,   360,     0,   449,   199,   406,  3666,  3446,  3498,   578,   286,   359,   606,   445,  3487,  3630,  3524,   359,   288]
[ 4985,  3429,  3573,   562,   449,     0,   495,   608,  3454,  3573,  3287,   276,   587,   561,   396,   653,  3276,  3762,  3313,   562,   588]
[ 5154,  3591,  3398,   406,   199,   495,     0,   358,  3696,  3398,  3450,   530,    87,   405,   558,   492,  3516,  3582,  3552,   405,    89]
[ 5034,  3671,  3474,   198,   406,   608,   358,     0,  3581,  3473,  3525,   646,   447,   198,   442,   285,  3591,  3463,  3436,   198,   447]
[ 6600,  3406,   838,  3551,  3666,  3454,  3696,  3581,     0,  3687,  3401,  3489,  3709,  3550,  3366,  3559,   488,  3547,  3215,  3549,  3712]
[ 6705,   622,  3270,  3521,  3446,  3573,  3398,  3473,  3687,     0,   522,  3649,  3528,  3521,  3598,  3649,  3468,   499,   735,  3520,  3529]
[ 6411,    85,  3402,  3573,  3498,  3287,  3450,  3525,  3401,   522,     0,  3363,  3583,  3572,  3313,  3705,  3182,   783,   451,  3573,  3584]
[ 5126,  3505,  3525,   694,   578,   276,   530,   646,  3489,  3649,  3363,     0,   457,   693,   433,   625,  3305,  3840,  3467,   694,   458]
[ 5354,  3725,  3398,   495,   286,   587,    87,   447,  3709,  3528,  3583,   457,     0,   494,   653,   413,  3525,  3714,  3687,   494,     2]
[ 5084,  3718,  3521,     1,   359,   561,   405,   198,  3550,  3521,  3572,   693,   494,     0,   490,    88,  3561,  3513,  3407,     2,   495]
[ 4809,  3456,  3598,   491,   606,   396,   558,   442,  3366,  3598,  3313,   433,   653,   490,     0,   582,  3379,  3595,  3224,   490,   655]
[ 5281,  3851,  3523,    87,   445,   653,   492,   285,  3559,  3649,  3705,   625,   413,    88,   582,     0,  3572,  3643,  3538,    86,   414]
[ 6480,  3324,   587,  3562,  3487,  3276,  3516,  3591,   488,  3468,  3182,  3305,  3525,  3561,  3379,  3572,     0,  3698,  3230,  3562,  3526]
[ 6837,   709,  3494,  3513,  3630,  3762,  3582,  3463,  3547,   499,   783,  3840,  3714,  3513,  3595,  3643,  3698,     0,   694,  3513,  3714]
[ 6319,   554,  3544,  3407,  3524,  3313,  3552,  3436,  3215,   735,   451,  3467,  3687,  3407,  3224,  3538,  3230,   694,     0,  3406,  3688]
[ 5084,  3718,  3521,     1,   359,   562,   405,   198,  3549,  3520,  3573,   694,   494,     2,   490,    86,  3562,  3513,  3406,     0,   495]
[ 5358,  3728,  3400,   495,   288,   588,    89,   447,  3712,  3529,  3584,   458,     2,   495,   655,   414,  3526,  3714,  3688,   495,     0]