[    0,  7002,  5206,  6772,  6691,  6768,  6776,  6693,  7003,  5227,  4861,  6252,  6542,  5156,  6764,  5281,  5279,  4985,  6597,  5354,  6615]
[ 7002,     0,  3596,  3484,   552,  3627,  3486,   552,  3419,  3752,  3804,  3637,   503,  3548,   621,  3803,  3801,  3728,   776,  3677,  3564]
[ 5206,  3596,     0,  3435,  3641,  3633,  3436,  3642,  3597,   490,   561,  3537,  3483,   200,  3632,   445,   445,   449,  3666,   287,  3473]
[ 6772,  3484,  3435,     0,  3609,   628,     2,  3610,   323,  3538,  3634,   736,  3411,  3464,  3582,  3509,  3508,  3561,  3655,  3463,   397]
[ 6691,   552,  3641,  3609,     0,  3327,  3612,     1,  3556,  3801,  3504,  3338,   774,  3593,   231,  3851,  3850,  3429,   476,  3725,  3690]
[ 6768,  3627,  3633,   628,  3327,     0,   629,  3328,   623,  3749,  3497,   560,  3694,  3663,  3297,  3719,  3719,  3420,  3376,  3672,   782]
[ 6776,  3486,  3436,     2,  3612,   629,     0,  3612,   326,  3539,  3636,   737,  3413,  3465,  3583,  3510,  3510,  3562,  3657,  3465,   398]
[ 6693,   552,  3642,  3610,     1,  3328,  3612,     0,  3557,  3802,  3505,  3338,   775,  3594,   231,  3852,  3851,  3430,   477,  3726,  3690]
[ 7003,  3419,  3597,   323,  3556,   623,   326,  3557,     0,  3625,  3804,   789,  3498,  3548,  3625,  3676,  3674,  3729,  3704,  3547,   570]
[ 5227,  3752,   490,  3538,  3801,  3749,  3539,  3802,  3625,     0,   580,  3380,  3444,   442,  3870,   200,   200,   697,  3709,   362,  3385]
[ 4861,  3804,   561,  3634,  3504,  3497,  3636,  3505,  3804,   580,     0,  3208,  3491,   607,  3495,   535,   534,   350,  3334,   701,  3481]
[ 6252,  3637,  3537,   736,  3338,   560,   737,  3338,   789,  3380,  3208,     0,  3324,  3489,  3407,  3431,  3430,  3326,  3247,  3502,   582]
[ 6542,   503,  3483,  3411,   774,  3694,  3413,   775,  3498,  3444,  3491,  3324,     0,  3435,   844,  3495,  3494,  3609,   683,  3565,  3258]
[ 5156,  3548,   200,  3464,  3593,  3663,  3465,  3594,  3548,   442,   607,  3489,  3435,     0,  3662,   492,   492,   495,  3696,    88,  3502]
[ 6764,   621,  3632,  3582,   231,  3297,  3583,   231,  3625,  3870,  3495,  3407,   844,  3662,     0,  3842,  3840,  3420,   411,  3795,  3662]
[ 5281,  3803,   445,  3509,  3851,  3719,  3510,  3852,  3676,   200,   535,  3431,  3495,   492,  3842,     0,     1,   652,  3681,   413,  3356]
[ 5279,  3801,   445,  3508,  3850,  3719,  3510,  3851,  3674,   200,   534,  3430,  3494,   492,  3840,     1,     0,   652,  3679,   412,  3355]
[ 4985,  3728,   449,  3561,  3429,  3420,  3562,  3430,  3729,   697,   350,  3326,  3609,   495,  3420,   652,   652,     0,  3453,   587,  3599]
[ 6597,   776,  3666,  3655,   476,  3376,  3657,   477,  3704,  3709,  3334,  3247,   683,  3696,   411,  3681,  3679,  3453,     0,  3829,  3502]
[ 5354,  3677,   287,  3463,  3725,  3672,  3465,  3726,  3547,   362,   701,  3502,  3565,    88,  3795,   413,   412,   587,  3829,     0,  3505]
[ 6615,  3564,  3473,   397,  3690,   782,   398,  3690,   570,  3385,  3481,   582,  3258,  3502,  3662,  3356,  3355,  3599,  3502,  3505,     0]