[    0,  5126,  6542,  4987,  6768,  6411,  7076,  4985,  4983,  5281,  5086,  5204,  6707,  6772,  6691,  5051,  4983,  6705,  6599,  4861,  5082]
[ 5126,     0,  3686,   277,  3451,  3364,  3873,   276,   276,   624,   694,   578,  3649,  3714,  3504,   404,   276,  3525,  3608,   481,   693]
[ 6542,  3686,     0,  3610,  3694,   670,   573,  3609,  3608,  3495,  3367,  3482,   395,   459,   774,  3615,  3608,  3346,   684,  3491,  3365]
[ 4987,   277,  3610,     0,  3421,  3288,  3718,     1,     2,   653,   562,   450,  3573,  3561,  3430,   433,     2,  3574,  3454,   351,   562]
[ 6768,  3451,  3694,  3421,     0,  3327,  3595,  3421,  3420,  3720,  3711,  3633,  3615,  3582,  3327,  3498,  3420,   693,  3377,  3497,  3710]
[ 6411,  3364,   670,  3288,  3327,     0,   704,  3288,  3287,  3705,  3573,  3498,   522,   586,    85,  3485,  3287,  3402,   553,  3361,  3572]
[ 7076,  3873,   573,  3718,  3595,   704,     0,  3718,  3718,  3792,  3663,  3586,   327,    90,   622,  3918,  3718,  3489,   711,  3795,  3663]
[ 4985,   276,  3609,     1,  3421,  3288,  3718,     0,     1,   652,   562,   449,  3573,  3561,  3428,   432,     1,  3573,  3452,   350,   561]
[ 4983,   276,  3608,     2,  3420,  3287,  3718,     1,     0,   652,   562,   448,  3573,  3560,  3427,   432,     0,  3572,  3452,   349,   560]
[ 5281,   624,  3495,   653,  3720,  3705,  3792,   652,   652,     0,    87,   445,  3650,  3638,  3851,   454,   652,  3523,  3680,   535,    87]
[ 5086,   694,  3367,   562,  3711,  3573,  3663,   562,   562,    87,     0,   360,  3521,  3509,  3719,   527,   562,  3522,  3549,   445,     2]
[ 5204,   578,  3482,   450,  3633,  3498,  3586,   449,   448,   445,   360,     0,  3447,  3434,  3640,   643,   448,  3446,  3665,   560,   358]
[ 6707,  3649,   395,  3573,  3615,   522,   327,  3573,  3573,  3650,  3521,  3447,     0,   218,   624,  3770,  3573,  3271,   839,  3647,  3521]
[ 6772,  3714,   459,  3561,  3582,   586,    90,  3561,  3560,  3638,  3509,  3434,   218,     0,   688,  3758,  3560,  3335,   774,  3634,  3508]
[ 6691,  3504,   774,  3430,  3327,    85,   622,  3428,  3427,  3851,  3719,  3640,   624,   688,     0,  3629,  3427,  3544,   477,  3504,  3717]
[ 5051,   404,  3615,   433,  3498,  3485,  3918,   432,   432,   454,   527,   643,  3770,  3758,  3629,     0,   432,  3649,  3458,    83,   526]
[ 4983,   276,  3608,     2,  3420,  3287,  3718,     1,     0,   652,   562,   448,  3573,  3560,  3427,   432,     0,  3572,  3452,   349,   560]
[ 6705,  3525,  3346,  3574,   693,  3402,  3489,  3573,  3572,  3523,  3522,  3446,  3271,  3335,  3544,  3649,  3572,     0,  3687,  3646,  3520]
[ 6599,  3608,   684,  3454,  3377,   553,   711,  3452,  3452,  3680,  3549,  3665,   839,   774,   477,  3458,  3452,  3687,     0,  3335,  3548]
[ 4861,   481,  3491,   351,  3497,  3361,  3795,   350,   349,   535,   445,   560,  3647,  3634,  3504,    83,   349,  3646,  3335,     0,   443]
[ 5082,   693,  3365,   562,  3710,  3572,  3663,   561,   560,    87,     2,   358,  3521,  3508,  3717,   526,   560,  3520,  3548,   443,     0]