[    0,  5084,  5034,  4933,  4935,  4985,  6617,  7076,  6772,  6321,  6252,  5128,  5178,  6694,  5082,  4987,  7000,  4983,  5086,  5082,  6480]
[ 5084,     0,   198,   607,   607,   562,  2630,  2907,  2782,  2716,  2737,   694,   648,  3008,     1,   562,  2924,   561,     1,     1,  2871]
[ 5034,   198,     0,   560,   560,   608,  2666,  2945,  2819,  2754,  2688,   646,   696,  2961,   198,   608,  2877,   608,   198,   198,  2908]
[ 4933,   607,   560,     0,     1,   193,  2945,  3019,  2888,  2659,  2594,    85,   278,  2651,   606,   194,  2948,   192,   608,   606,  2604]
[ 4935,   607,   560,     1,     0,   194,  2945,  3019,  2888,  2659,  2595,    84,   278,  2652,   607,   194,  2949,   193,   608,   607,  2605]
[ 4985,   562,   608,   193,   194,     0,  2908,  2980,  2852,  2623,  2642,   277,    86,  2701,   561,     1,  2998,     1,   562,   561,  2567]
[ 6617,  2630,  2666,  2945,  2945,  2908,     0,  3537,  3383,   520,   583,  2949,  2913,   844,  2630,  2908,  3566,  2908,  2630,  2630,   674]
[ 7076,  2907,  2945,  3019,  3019,  2980,  3537,     0,    90,  3675,  3707,  3114,  3077,  3627,  2907,  2980,   241,  2980,  2907,  2907,  3595]
[ 6772,  2782,  2819,  2888,  2888,  2852,  3383,    90,     0,  3514,  3545,  2984,  2948,  3610,  2782,  2852,   323,  2851,  2783,  2782,  3438]
[ 6321,  2716,  2754,  2659,  2659,  2623,   520,  3675,  3514,     0,   209,  2664,  2627,   556,  2716,  2623,  3702,  2622,  2717,  2716,   389]
[ 6252,  2737,  2688,  2594,  2595,  2642,   583,  3707,  3545,   209,     0,  2599,  2649,   491,  2736,  2643,  3637,  2642,  2737,  2736,   451]
[ 5128,   694,   646,    85,    84,   277,  2949,  3114,  2984,  2664,  2599,     0,   197,  2653,   694,   277,  3046,   277,   694,   694,  2605]
[ 5178,   648,   696,   278,   278,    86,  2913,  3077,  2948,  2627,  2649,   197,     0,  2702,   648,    85,  3095,    85,   649,   648,  2568]
[ 6694,  3008,  2961,  2651,  2652,  2701,   844,  3627,  3610,   556,   491,  2653,  2702,     0,  3007,  2702,  3556,  2699,  3010,  3007,   312]
[ 5082,     1,   198,   606,   607,   561,  2630,  2907,  2782,  2716,  2736,   694,   648,  3007,     0,   562,  2923,   560,     2,     0,  2870]
[ 4987,   562,   608,   194,   194,     1,  2908,  2980,  2852,  2623,  2643,   277,    85,  2702,   562,     0,  2999,     2,   562,   562,  2568]
[ 7000,  2924,  2877,  2948,  2949,  2998,  3566,   241,   323,  3702,  3637,  3046,  3095,  3556,  2923,  2999,     0,  2996,  2925,  2923,  3623]
[ 4983,   561,   608,   192,   193,     1,  2908,  2980,  2851,  2622,  2642,   277,    85,  2699,   560,     2,  2996,     0,   562,   560,  2567]
[ 5086,     1,   198,   608,   608,   562,  2630,  2907,  2783,  2717,  2737,   694,   649,  3010,     2,   562,  2925,   562,     0,     2,  2871]
[ 5082,     1,   198,   606,   607,   561,  2630,  2907,  2782,  2716,  2736,   694,   648,  3007,     0,   562,  2923,   560,     2,     0,  2870]
[ 6480,  2871,  2908,  2604,  2605,  2567,   674,  3595,  3438,   389,   451,  2605,  2568,   312,  2870,  2568,  3623,  2567,  2871,  2870,     0]