[    0,  4811,  6774,  7002,  6544,  5156,  6250,  5156,  5408,  5356,  6321,  6908,  6764,  7076,  6319,  6774,  5124,  6478,  7076,  6250,  5032]
[ 4811,     0,  2980,  3045,  2760,   560,  2475,   560,   704,   655,  2541,  2954,  2815,  3115,  2541,  2980,   433,  2695,  3114,  2474,   441]
[ 6774,  2980,     0,   324,  3413,  2728,   736,  2728,  2792,  2828,  3515,   502,   627,  3457,   673,     0,  2984,  3438,    89,   736,  2819]
[ 7002,  3045,   324,     0,  3499,  2780,   787,  2780,  2933,  2881,  3704,   488,   621,  3487,   853,   324,  3044,  3622,   241,   789,  2877]
[ 6544,  2760,  3413,  3499,     0,  2718,  3324,  2718,  2772,  2722,   582,  3407,  3693,   573,  3390,  3413,  2882,   735,  3569,  3324,  2599]
[ 5156,   560,  2728,  2780,  2718,     0,  2804,     0,   290,    87,  2871,  2901,  2932,  2850,  2869,  2728,   530,  2815,  2850,  2805,   358]
[ 6250,  2475,   736,   787,  3324,  2804,     0,  2804,  2962,  2911,  3106,   696,   557,  3705,   207,   736,  2690,  3259,   857,     2,  2687]
[ 5156,   560,  2728,  2780,  2718,     0,  2804,     0,   290,    87,  2871,  2901,  2932,  2850,  2869,  2728,   530,  2815,  2850,  2805,   358]
[ 5408,   704,  2792,  2933,  2772,   290,  2962,   290,     0,   204,  2847,  2968,  3001,  2813,  2941,  2792,   507,  2788,  2913,  2961,   497]
[ 5356,   655,  2828,  2881,  2722,    87,  2911,    87,   204,     0,  2885,  3004,  3037,  2850,  2976,  2828,   457,  2824,  2951,  2912,   447]
[ 6321,  2541,  3515,  3704,   582,  2871,  3106,  2871,  2847,  2885,     0,  3515,  3377,   794,  3076,  3515,  2663,   388,  3675,  3105,  2753]
[ 6908,  2954,   502,   488,  3407,  2901,   696,  2901,  2968,  3004,  3515,     0,   710,  3536,   631,   502,  3168,  3668,   423,   697,  2785]
[ 6764,  2815,   627,   621,  3693,  2932,   557,  2932,  3001,  3037,  3377,   710,     0,  3594,   492,   627,  2814,  3295,   556,   559,  3028]
[ 7076,  3115,  3457,  3487,   573,  2850,  3705,  2850,  2813,  2850,   794,  3536,  3594,     0,  3674,  3457,  3019,   639,  3457,  3707,  2947]
[ 6319,  2541,   673,   853,  3390,  2869,   207,  2869,  2941,  2976,  3076,   631,   492,  3674,     0,   673,  2755,  3229,   792,   208,  2753]
[ 6774,  2980,     0,   324,  3413,  2728,   736,  2728,  2792,  2828,  3515,   502,   627,  3457,   673,     0,  2984,  3438,    89,   736,  2819]
[ 5124,   433,  2984,  3044,  2882,   530,  2690,   530,   507,   457,  2663,  3168,  2814,  3019,  2755,  2984,     0,  2603,  3114,  2690,   645]
[ 6478,  2695,  3438,  3622,   735,  2815,  3259,  2815,  2788,  2824,   388,  3668,  3295,   639,  3229,  3438,  2603,     0,  3595,  3259,  2907]
[ 7076,  3114,    89,   241,  3569,  2850,   857,  2850,  2913,  2951,  3675,   423,   556,  3457,   792,    89,  3114,  3595,     0,   857,  2945]
[ 6250,  2474,   736,   789,  3324,  2805,     2,  2805,  2961,  2912,  3105,   697,   559,  3707,   208,   736,  2690,  3259,   857,     0,  2686]
[ 5032,   441,  2819,  2877,  2599,   358,  2687,   358,   497,   447,  2753,  2785,  3028,  2947,  2753,  2819,   645,  2907,  2945,  2686,     0]