[    0,  6696,  5279,  5126,  6613,  7074,  5206,  5406,  5408,  5225,  7005,  6694,  6834,  4935,  4995,  4935,  6909,  6911,  6252,  5410,  6765]
[ 6696,     0,  3731,  3383,  3690,  3627,  3642,  3654,  3654,  3680,   554,     1,  3637,  3383,  3458,  3381,  3707,  3707,   492,  3655,   233]
[ 5279,  3731,     0,   624,  3483,  3791,   445,   363,   364,   199,  3675,  3730,  3641,   700,   501,   700,  3631,  3632,  3430,   365,  3718]
[ 5126,  3383,   624,     0,  3752,  3872,   579,   507,   508,   574,  3681,  3382,  3840,    83,   353,    85,  3907,  3908,  3281,   508,  3450]
[ 6613,  3690,  3483,  3752,     0,   508,  3471,  3604,  3604,  3510,  3564,  3690,   318,  3627,  3630,  3626,    89,    88,  3391,  3605,  3662]
[ 7074,  3627,  3791,  3872,   508,     0,  3586,  3717,  3718,  3820,  3489,  3626,   489,  3747,  3946,  3748,   422,   423,  3706,  3718,  3594]
[ 5206,  3642,   445,   579,  3471,  3586,     0,    89,    88,   490,  3596,  3642,  3629,   496,   688,   495,  3620,  3620,  3537,    89,  3632]
[ 5406,  3654,   363,   507,  3604,  3717,    89,     0,     1,   412,  3598,  3653,  3763,   589,   623,   589,  3753,  3754,  3552,     2,  3641]
[ 5408,  3654,   364,   508,  3604,  3718,    88,     1,     0,   413,  3598,  3654,  3763,   590,   624,   589,  3754,  3754,  3553,     1,  3642]
[ 5225,  3680,   199,   574,  3510,  3820,   490,   412,   413,     0,  3625,  3679,  3589,   649,   450,   649,  3660,  3661,  3379,   414,  3748]
[ 7005,   554,  3675,  3681,  3564,  3489,  3596,  3598,  3598,  3625,     0,   554,  3499,  3681,  3757,  3680,  3569,  3569,   790,  3600,   622]
[ 6694,     1,  3730,  3382,  3690,  3626,  3642,  3653,  3654,  3679,   554,     0,  3637,  3382,  3457,  3381,  3706,  3707,   491,  3655,   232]
[ 6834,  3637,  3641,  3840,   318,   489,  3629,  3763,  3763,  3589,  3499,  3637,     0,  3714,  3715,  3712,   238,   238,  3477,  3765,  3705]
[ 4935,  3383,   700,    83,  3627,  3747,   496,   589,   590,   649,  3681,  3382,  3714,     0,   429,     2,  3781,  3782,  3277,   590,  3450]
[ 4995,  3458,   501,   353,  3630,  3946,   688,   623,   624,   450,  3757,  3457,  3715,   429,     0,   429,  3786,  3787,  3159,   625,  3526]
[ 4935,  3381,   700,    85,  3626,  3748,   495,   589,   589,   649,  3680,  3381,  3712,     2,   429,     0,  3782,  3782,  3278,   590,  3450]
[ 6909,  3707,  3631,  3907,    89,   422,  3620,  3753,  3754,  3660,  3569,  3706,   238,  3781,  3786,  3782,     0,     1,  3546,  3754,  3674]
[ 6911,  3707,  3632,  3908,    88,   423,  3620,  3754,  3754,  3661,  3569,  3707,   238,  3782,  3787,  3782,     1,     0,  3547,  3754,  3675]
[ 6252,   492,  3430,  3281,  3391,  3706,  3537,  3552,  3553,  3379,   790,   491,  3477,  3277,  3159,  3278,  3546,  3547,     0,  3553,   559]
[ 5410,  3655,   365,   508,  3605,  3718,    89,     2,     1,   414,  3600,  3655,  3765,   590,   625,   590,  3754,  3754,  3553,     0,  3643]
[ 6765,   233,  3718,  3450,  3662,  3594,  3632,  3641,  3642,  3748,   622,   232,  3705,  3450,  3526,  3450,  3674,  3675,   559,  3643,     0]