[    0,  4811,  5354,  5204,  5281,  4995,  6321,  7000,  6544,  5084,  5126,  6615,  7003,  5082,  6250,  6599,  7003,  5176,  6248,  5086,  5156]
[ 4811,     0,   654,   607,   583,    82,  2541,  3044,  2760,   490,   433,  2827,  3046,   490,  2474,  2655,  3044,   484,  2474,   491,   559]
[ 5354,   654,     0,   286,   413,   573,  2884,  2880,  2819,   494,   457,  2787,  2781,   493,  2911,  3091,  2881,   506,  2910,   495,    88]
[ 5204,   607,   286,     0,   445,   687,  2833,  2828,  2765,   359,   578,  2746,  2829,   358,  2852,  2946,  2829,   532,  2851,   360,   200]
[ 5281,   583,   413,   445,     0,   502,  2726,  3024,  2747,    88,   625,  2629,  2928,    87,  2840,  2932,  3026,   576,  2839,    87,   493]
[ 4995,    82,   573,   687,   502,     0,  2541,  3136,  2852,   571,   353,  2826,  3044,   570,  2567,  2747,  3138,   403,  2566,   572,   640]
[ 6321,  2541,  2884,  2833,  2726,  2541,     0,  3703,  3391,  2716,  2663,   520,   855,  2716,  3105,  3217,  3703,  2627,  3105,  2717,  2870]
[ 7000,  3044,  2880,  2828,  3024,  3136,  3703,     0,   503,  2924,  3045,  3564,  3418,  2923,   788,   776,     1,  3094,   786,  2925,  2781]
[ 6544,  2760,  2819,  2765,  2747,  2852,  3391,   503,     0,  2648,  2976,  3258,  3499,  2647,   516,   684,   505,  3025,   515,  2648,  2718]
[ 5084,   490,   494,   359,    88,   571,  2716,  2924,  2648,     0,   693,  2630,  2926,     1,  2735,  2830,  2924,   648,  2735,     1,   405]
[ 5126,   433,   457,   578,   625,   353,  2663,  3045,  2976,   693,     0,  2949,  2951,   693,  2690,  2871,  3045,   196,  2690,   694,   530]
[ 6615,  2827,  2787,  2746,  2629,  2826,   520,  3564,  3258,  2630,  2949,     0,   570,  2629,  3391,  3502,  3566,  2912,  3390,  2630,  2784]
[ 7003,  3046,  2781,  2829,  2928,  3044,   855,  3418,  3499,  2926,  2951,   570,     0,  2924,  3637,  3705,  3419,  3000,  3636,  2927,  2782]
[ 5082,   490,   493,   358,    87,   570,  2716,  2923,  2647,     1,   693,  2629,  2924,     0,  2735,  2828,  2924,   647,  2734,     2,   405]
[ 6250,  2474,  2911,  2852,  2840,  2567,  3105,   788,   516,  2735,  2690,  3391,  3637,  2735,     0,   310,   788,  2740,     1,  2736,  2804]
[ 6599,  2655,  3091,  2946,  2932,  2747,  3217,   776,   684,  2830,  2871,  3502,  3705,  2828,   310,     0,   777,  2832,   308,  2830,  2985]
[ 7003,  3044,  2881,  2829,  3026,  3138,  3703,     1,   505,  2924,  3045,  3566,  3419,  2924,   788,   777,     0,  3096,   788,  2925,  2781]
[ 5176,   484,   506,   532,   576,   403,  2627,  3094,  3025,   648,   196,  2912,  3000,   647,  2740,  2832,  3096,     0,  2739,   649,   580]
[ 6248,  2474,  2910,  2851,  2839,  2566,  3105,   786,   515,  2735,  2690,  3390,  3636,  2734,     1,   308,   788,  2739,     0,  2736,  2804]
[ 5086,   491,   495,   360,    87,   572,  2717,  2925,  2648,     1,   694,  2630,  2927,     2,  2736,  2830,  2925,   649,  2736,     0,   406]
[ 5156,   559,    88,   200,   493,   640,  2870,  2781,  2718,   405,   530,  2784,  2782,   405,  2804,  2985,  2781,   580,  2804,   406,     0]