[    0,  6693,  5354,  5206,  6478,  5354,  6705,  6523,  6774,  5283,  6765,  6611,  5086,  5082,  6526,  5356,  6478,  7005,  4861,  5178,  5356]
[ 6693,     0,  2977,  2921,  3324,  2977,   622,   409,  3610,  3122,  3327,   841,  3017,  3015,   410,  2978,  3324,   554,  2802,  2805,  2978]
[ 5354,  2977,     0,   287,  2831,     0,  2770,  3030,  2736,   414,  2950,  2891,   495,   493,  3032,     1,  2831,  2891,   701,   507,     1]
[ 5206,  2921,   287,     0,  2787,   287,  2719,  2973,  2700,   446,  2904,  2753,   360,   359,  2973,   287,  2787,  2839,   561,   534,   287]
[ 6478,  3324,  2831,  2787,     0,  2831,  3467,  3397,   524,  2888,    85,  3513,  2879,  2877,  3398,  2832,     0,  3624,  2666,  2575,  2832]
[ 5354,  2977,     0,   287,  2831,     0,  2770,  3030,  2736,   414,  2950,  2891,   495,   493,  3032,     1,  2831,  2891,   701,   507,     1]
[ 6705,   622,  2770,  2719,  3467,  2770,     0,   769,  3335,  2911,  3613,   459,  2810,  2809,   771,  2771,  3467,    89,  2970,  2977,  2771]
[ 6523,   409,  3030,  2973,  3397,  3030,   769,     0,  3684,  2962,  3406,   680,  2857,  2854,     1,  3032,  3397,   709,  2641,  2860,  3032]
[ 6774,  3610,  2736,  2700,   524,  2736,  3335,  3684,     0,  2792,   627,  3382,  2792,  2791,  3686,  2737,   524,  3486,  2952,  2860,  2737]
[ 5283,  3122,   414,   446,  2888,   414,  2911,  2962,  2792,     0,  3009,  2736,    86,    88,  2962,   414,  2888,  3035,   536,   577,   414]
[ 6765,  3327,  2950,  2904,    85,  2950,  3613,  3406,   627,  3009,     0,  3661,  3000,  2997,  3407,  2951,    85,  3627,  2784,  2690,  2951]
[ 6611,   841,  2891,  2753,  3513,  2891,   459,   680,  3382,  2736,  3661,     0,  2637,  2635,   681,  2892,  3513,   570,  2796,  3013,  2892]
[ 5086,  3017,   495,   360,  2879,   495,  2810,  2857,  2792,    86,  3000,  2637,     0,     2,  2857,   495,  2879,  2934,   445,   649,   495]
[ 5082,  3015,   493,   359,  2877,   493,  2809,  2854,  2791,    88,  2997,  2635,     2,     0,  2856,   494,  2877,  2934,   443,   648,   494]
[ 6526,   410,  3032,  2973,  3398,  3032,   771,     1,  3686,  2962,  3407,   681,  2857,  2856,     0,  3032,  3398,   709,  2643,  2862,  3032]
[ 5356,  2978,     1,   287,  2832,     1,  2771,  3032,  2737,   414,  2951,  2892,   495,   494,  3032,     0,  2832,  2891,   702,   508,     0]
[ 6478,  3324,  2831,  2787,     0,  2831,  3467,  3397,   524,  2888,    85,  3513,  2879,  2877,  3398,  2832,     0,  3624,  2666,  2575,  2832]
[ 7005,   554,  2891,  2839,  3624,  2891,    89,   709,  3486,  3035,  3627,   570,  2934,  2934,   709,  2891,  3624,     0,  3102,  3105,  2891]
[ 4861,  2802,   701,   561,  2666,   701,  2970,  2641,  2952,   536,  2784,  2796,   445,   443,  2643,   702,  2666,  3102,     0,   436,   702]
[ 5178,  2805,   507,   534,  2575,   507,  2977,  2860,  2860,   577,  2690,  3013,   649,   648,  2862,   508,  2575,  3105,   436,     0,   508]
[ 5356,  2978,     1,   287,  2832,     1,  2771,  3032,  2737,   414,  2951,  2892,   495,   494,  3032,     0,  2832,  2891,   702,   508,     0]