[    0,  2721,  2701,  2637,  2701,  2855,  2679,  2766,  2767,  2676,  2830,  2720,  2762,  2554,  2571,  2554,  2905,  2789,  2572,  2768,  2746]
[ 2721,     0,  2721,  4301,  2721,  2855,  2721,  2766,  2767,  2721,  2830,   231,  2762,  4218,  2721,  3986,  2905,  2789,  2721,  2768,  2746]
[ 2701,  2721,     0,  2701,  4370,  2855,  2701,  2766,  2767,  2701,  2830,  2720,  2762,  2701,  2701,  2701,  4223,  4457,  2701,  2768,  2746]
[ 2637,  4301,  2701,     0,  2701,  2855,  2679,  2766,  2767,  2676,  2830,  4070,  2762,  3904,  2637,  4134,  2905,  2789,  2637,  2768,  2746]
[ 2701,  2721,  4370,  2701,     0,  2855,  2701,  2766,  2767,  2701,  2830,  2720,  2762,  2701,  2701,  2701,  4456,  4222,  2701,  2768,  2746]
[ 2855,  2855,  2855,  2855,  2855,     0,  4477,  4325,  4565,  2855,  2855,  2855,  2855,  2855,  2855,  2855,  2905,  2855,  2855,  4566,  2855]
[ 2679,  2721,  2701,  2679,  2701,  4477,     0,  4389,  4148,  2679,  2830,  2720,  2762,  2679,  2679,  2679,  2905,  2789,  2679,  4149,  2746]
[ 2766,  2766,  2766,  2766,  2766,  4325,  4389,     0,   241,  2766,  2830,  2766,  2766,  2766,  2766,  2766,  2905,  2789,  2766,   315,  2766]
[ 2767,  2767,  2767,  2767,  2767,  4565,  4148,   241,     0,  2767,  2830,  2767,  2767,  2767,  2767,  2767,  2905,  2789,  2767,    74,  2767]
[ 2676,  2721,  2701,  2676,  2701,  2855,  2679,  2766,  2767,     0,  2830,  2720,  4404,  2676,  2676,  2676,  2905,  2789,  2676,  2768,  2746]
[ 2830,  2830,  2830,  2830,  2830,  2855,  2830,  2830,  2830,  2830,     0,  2830,  2830,  2830,  2830,  2830,  2905,  2830,  2830,  2830,  2830]
[ 2720,   231,  2720,  4070,  2720,  2855,  2720,  2766,  2767,  2720,  2830,     0,  2762,  3987,  2720,  4217,  2905,  2789,  2720,  2768,  2746]
[ 2762,  2762,  2762,  2762,  2762,  2855,  2762,  2766,  2767,  4404,  2830,  2762,     0,  2762,  2762,  2762,  2905,  2789,  2762,  2768,  2762]
[ 2554,  4218,  2701,  3904,  2701,  2855,  2679,  2766,  2767,  2676,  2830,  3987,  2762,     0,  2571,   293,  2905,  2789,  2572,  2768,  2746]
[ 2571,  2721,  2701,  2637,  2701,  2855,  2679,  2766,  2767,  2676,  2830,  2720,  2762,  2571,     0,  2571,  2905,  2789,  3886,  2768,  2746]
[ 2554,  3986,  2701,  4134,  2701,  2855,  2679,  2766,  2767,  2676,  2830,  4217,  2762,   293,  2571,     0,  2905,  2789,  2572,  2768,  2746]
[ 2905,  2905,  4223,  2905,  4456,  2905,  2905,  2905,  2905,  2905,  2905,  2905,  2905,  2905,  2905,  2905,     0,   234,  2905,  2905,  2905]
[ 2789,  2789,  4457,  2789,  4222,  2855,  2789,  2789,  2789,  2789,  2830,  2789,  2789,  2789,  2789,  2789,   234,     0,  2789,  2789,  2789]
[ 2572,  2721,  2701,  2637,  2701,  2855,  2679,  2766,  2767,  2676,  2830,  2720,  2762,  2572,  3886,  2572,  2905,  2789,     0,  2768,  2746]
[ 2768,  2768,  2768,  2768,  2768,  4566,  4149,   315,    74,  2768,  2830,  2768,  2768,  2768,  2768,  2768,  2905,  2789,  2768,     0,  2768]
[ 2746,  2746,  2746,  2746,  2746,  2855,  2746,  2766,  2767,  2746,  2830,  2746,  2762,  2746,  2746,  2746,  2905,  2789,  2746,  2768,     0]