CalculatingTime: 1.9808709621429443
OrderingTime: 0.00022125244140625
Sum: 1.9810922145843506
BuildTime: 3419.0614058971405
AllTime: 3421.042498111725
Percentage: 0.06
