CalculatingTime: 1.9284403324127197
OrderingTime: 0.00018024444580078125
Sum: 1.9286205768585205
BuildTime: 3255.212960958481
AllTime: 3257.1415815353394
Percentage: 0.06
