CommandTime: 1.1084403991699219
AnalysisTime: 0.04427623748779297
CalculatingTime: 1.9190571308135986
OrderingTime: 0.11850476264953613
Sum: 3.1902785301208496
BuildTime: 3455.781223297119
AllTime: 3458.97150182724
Percentage: 0.09
