CalculatingTime: 1.987299919128418
OrderingTime: 0.0002129077911376953
Sum: 1.9875128269195557
BuildTime: 3254.161103248596
AllTime: 3256.1486160755157
Percentage: 0.06
