CommandTime: 1.05210542678833
AnalysisTime: 0.04541373252868652
CalculatingTime: 1.8216190338134766
OrderingTime: 0.16978931427001953
Sum: 3.0889275074005127
BuildTime: 3280.331996679306
AllTime: 3283.4209241867065
Percentage: 0.09
