CalculatingTime: 1.9353184700012207
OrderingTime: 0.00020599365234375
Sum: 1.9355244636535645
BuildTime: 3628.3218834400177
AllTime: 3630.2574079036713
Percentage: 0.05
