CalculatingTime: 1.2797579765319824
OrderingTime: 0.20628857612609863
Sum: 1.486046552658081
BuildTime: 3235.3589379787445
AllTime: 3236.8449845314026
Percentage: 0.05
