CalculatingTime: 1.310703992843628
OrderingTime: 0.2200479507446289
Sum: 1.5307519435882568
BuildTime: 3430.2783274650574
AllTime: 3431.8090794086456
Percentage: 0.04
