CalculatingTime: 1.2996900081634521
OrderingTime: 0.14145874977111816
Sum: 1.4411487579345703
BuildTime: 3262.386157274246
AllTime: 3263.827306032181
Percentage: 0.04
