CommandTime: 1.0248160362243652
AnalysisTime: 0.047673940658569336
CalculatingTime: 1.942713737487793
OrderingTime: 0.13804936408996582
Sum: 3.1532530784606934
BuildTime: 3256.3266956806183
AllTime: 3259.479948759079
Percentage: 0.1
