CalculatingTime: 1.3268094062805176
OrderingTime: 0.11866593360900879
Sum: 1.4454753398895264
BuildTime: 3281.6913220882416
AllTime: 3283.136797428131
Percentage: 0.04
