CalculatingTime: 1.9565958976745605
OrderingTime: 0.7086582183837891
Sum: 2.6652541160583496
BuildTime: 3453.0713460445404
AllTime: 3455.7366001605988
Percentage: 0.08
