CommandTime: 1.056298017501831
AnalysisTime: 0.04774880409240723
CalculatingTime: 1.8606555461883545
OrderingTime: 0.11888742446899414
Sum: 3.083589792251587
BuildTime: 3455.5341458320618
AllTime: 3458.6177356243134
Percentage: 0.09
