CalculatingTime: 2.0046093463897705
OrderingTime: 0.00021314620971679688
Sum: 2.0048224925994873
BuildTime: 3241.948454618454
AllTime: 3243.9532771110535
Percentage: 0.06
