CalculatingTime: 1.9388148784637451
OrderingTime: 0.00020122528076171875
Sum: 1.9390161037445068
BuildTime: 3277.8360979557037
AllTime: 3279.7751140594482
Percentage: 0.06
