CalculatingTime: 1.932149887084961
OrderingTime: 1.5435452461242676
Sum: 3.4756951332092285
BuildTime: 3606.043855905533
AllTime: 3609.519551038742
Percentage: 0.1
