CalculatingTime: 1.2726635932922363
OrderingTime: 1.207521915435791
Sum: 2.4801855087280273
BuildTime: 3415.5367312431335
AllTime: 3418.0169167518616
Percentage: 0.07
