CalculatingTime: 1.935605525970459
OrderingTime: 0.4951913356781006
Sum: 2.4307968616485596
BuildTime: 3602.726271867752
AllTime: 3605.1570687294006
Percentage: 0.07
