CalculatingTime: 1.925713062286377
OrderingTime: 0.6631271839141846
Sum: 2.5888402462005615
BuildTime: 3637.3615868091583
AllTime: 3639.950427055359
Percentage: 0.07
