CalculatingTime: 1.9063479900360107
OrderingTime: 0.00020003318786621094
Sum: 1.906548023223877
BuildTime: 3280.343292951584
AllTime: 3282.2498409748077
Percentage: 0.06
