CommandTime: 1.148770809173584
AnalysisTime: 0.04448843002319336
CalculatingTime: 1.9434759616851807
OrderingTime: 0.16976642608642578
Sum: 3.306501626968384
BuildTime: 3420.8182389736176
AllTime: 3424.124740600586
Percentage: 0.1
