CalculatingTime: 1.9440178871154785
OrderingTime: 0.00021505355834960938
Sum: 1.9442329406738281
BuildTime: 3449.4774239063263
AllTime: 3451.421656847
Percentage: 0.06
