CalculatingTime: 1.2833893299102783
OrderingTime: 1.3617920875549316
Sum: 2.64518141746521
BuildTime: 3449.8280370235443
AllTime: 3452.4732184410095
Percentage: 0.08
