CalculatingTime: 1.8929779529571533
OrderingTime: 0.00019359588623046875
Sum: 1.8931715488433838
BuildTime: 3238.538284778595
AllTime: 3240.4314563274384
Percentage: 0.06
