CommandTime: 1.0382838249206543
AnalysisTime: 0.04419350624084473
CalculatingTime: 1.9439716339111328
OrderingTime: 0.16693949699401855
Sum: 3.1933884620666504
BuildTime: 3269.0911967754364
AllTime: 3272.284585237503
Percentage: 0.1
