CalculatingTime: 1.903944969177246
OrderingTime: 0.0001952648162841797
Sum: 1.9041402339935303
BuildTime: 3443.0642590522766
AllTime: 3444.96839928627
Percentage: 0.06
