CalculatingTime: 1.8734369277954102
OrderingTime: 0.2945873737335205
Sum: 2.1680243015289307
BuildTime: 3592.434143781662
AllTime: 3594.602168083191
Percentage: 0.06
