CalculatingTime: 1.9431376457214355
OrderingTime: 0.0002224445343017578
Sum: 1.9433600902557373
BuildTime: 3439.5059406757355
AllTime: 3441.449300765991
Percentage: 0.06
