CalculatingTime: 2.064517021179199
OrderingTime: 0.7446205615997314
Sum: 2.8091375827789307
BuildTime: 3598.6947152614594
AllTime: 3601.5038528442383
Percentage: 0.08
