CommandTime: 1.1307404041290283
AnalysisTime: 0.04671001434326172
CalculatingTime: 1.9058046340942383
OrderingTime: 0.13261723518371582
Sum: 3.215872287750244
BuildTime: 3281.460660457611
AllTime: 3284.6765327453613
Percentage: 0.1
