CalculatingTime: 1.8581454753875732
OrderingTime: 0.4134547710418701
Sum: 2.2716002464294434
BuildTime: 3436.00590801239
AllTime: 3438.2775082588196
Percentage: 0.07
