CommandTime: 1.029259443283081
AnalysisTime: 0.04604840278625488
CalculatingTime: 1.8985788822174072
OrderingTime: 0.14630961418151855
Sum: 3.1201963424682617
BuildTime: 3427.4936833381653
AllTime: 3430.6138796806335
Percentage: 0.09
