CalculatingTime: 1.9136850833892822
OrderingTime: 1.795628547668457
Sum: 3.7093136310577393
BuildTime: 3616.290756225586
AllTime: 3620.0000698566437
Percentage: 0.1
