CalculatingTime: 1.9395935535430908
OrderingTime: 1.5592219829559326
Sum: 3.4988155364990234
BuildTime: 3262.5256996154785
AllTime: 3266.0245151519775
Percentage: 0.11
