CalculatingTime: 1.3215608596801758
OrderingTime: 0.15164542198181152
Sum: 1.4732062816619873
BuildTime: 3253.6175425052643
AllTime: 3255.0907487869263
Percentage: 0.05
