CalculatingTime: 1.8521864414215088
OrderingTime: 1.3038854598999023
Sum: 3.156071901321411
BuildTime: 3593.1605067253113
AllTime: 3596.3165786266327
Percentage: 0.09
