CalculatingTime: 1.340669870376587
OrderingTime: 0.11753201484680176
Sum: 1.4582018852233887
BuildTime: 3438.04226064682
AllTime: 3439.5004625320435
Percentage: 0.04
