CalculatingTime: 1.302635669708252
OrderingTime: 1.084794521331787
Sum: 2.387430191040039
BuildTime: 3416.5937371253967
AllTime: 3418.9811673164368
Percentage: 0.07
