CalculatingTime: 1.341003179550171
OrderingTime: 0.1326768398284912
Sum: 1.473680019378662
BuildTime: 3274.5669028759003
AllTime: 3276.040582895279
Percentage: 0.04
