CalculatingTime: 1.3778879642486572
OrderingTime: 0.0684518814086914
Sum: 1.4463398456573486
BuildTime: 3449.424088716507
AllTime: 3450.8704285621643
Percentage: 0.04
