CalculatingTime: 1.86039137840271
OrderingTime: 2.7783560752868652
Sum: 4.638747453689575
BuildTime: 3610.9870116710663
AllTime: 3615.625759124756
Percentage: 0.13
