CalculatingTime: 1.887481927871704
OrderingTime: 1.3636996746063232
Sum: 3.2511816024780273
BuildTime: 3630.6254444122314
AllTime: 3633.8766260147095
Percentage: 0.09
