CalculatingTime: 2.018686532974243
OrderingTime: 1.9429101943969727
Sum: 3.961596727371216
BuildTime: 3431.1529684066772
AllTime: 3435.1145651340485
Percentage: 0.12
