CalculatingTime: 1.914855718612671
OrderingTime: 0.5012831687927246
Sum: 2.4161388874053955
BuildTime: 3631.1335911750793
AllTime: 3633.5497300624847
Percentage: 0.07
