CalculatingTime: 1.9511244297027588
OrderingTime: 0.00020956993103027344
Sum: 1.951333999633789
BuildTime: 3260.920596599579
AllTime: 3262.8719305992126
Percentage: 0.06
