CommandTime: 1.075948715209961
AnalysisTime: 0.04561471939086914
CalculatingTime: 1.9159660339355469
OrderingTime: 0.2541515827178955
Sum: 3.2916810512542725
BuildTime: 3240.8193023204803
AllTime: 3244.1109833717346
Percentage: 0.1
