CalculatingTime: 1.3266689777374268
OrderingTime: 0.13669872283935547
Sum: 1.4633677005767822
BuildTime: 3253.4550137519836
AllTime: 3254.9183814525604
Percentage: 0.04
