CalculatingTime: 1.32267427444458
OrderingTime: 0.26688265800476074
Sum: 1.5895569324493408
BuildTime: 3417.572288751602
AllTime: 3419.1618456840515
Percentage: 0.05
