CommandTime: 1.0325827598571777
AnalysisTime: 0.0492558479309082
CalculatingTime: 1.7804205417633057
OrderingTime: 0.1408836841583252
Sum: 3.003142833709717
BuildTime: 3252.0213618278503
AllTime: 3255.02450466156
Percentage: 0.09
