CalculatingTime: 1.9938850402832031
OrderingTime: 0.6519570350646973
Sum: 2.6458420753479004
BuildTime: 3453.6466732025146
AllTime: 3456.2925152778625
Percentage: 0.08
