CommandTime: 1.0789947509765625
AnalysisTime: 0.04671144485473633
CalculatingTime: 1.8264429569244385
OrderingTime: 0.20882797241210938
Sum: 3.1609771251678467
BuildTime: 3448.9098818302155
AllTime: 3452.0708589553833
Percentage: 0.09
