CommandTime: 1.0336658954620361
AnalysisTime: 0.044053077697753906
CalculatingTime: 1.9044163227081299
OrderingTime: 0.20036721229553223
Sum: 3.182502508163452
BuildTime: 3421.0303914546967
AllTime: 3424.21289396286
Percentage: 0.09
