CommandTime: 1.051448106765747
AnalysisTime: 0.046478986740112305
CalculatingTime: 1.8406791687011719
OrderingTime: 0.12360382080078125
Sum: 3.0622100830078125
BuildTime: 3091.94127035141
AllTime: 3095.0034804344177
Percentage: 0.1
