CalculatingTime: 1.3582329750061035
OrderingTime: 0.06781220436096191
Sum: 1.4260451793670654
BuildTime: 3083.179325580597
AllTime: 3084.605370759964
Percentage: 0.05
