CalculatingTime: 1.958561897277832
OrderingTime: 0.00022339820861816406
Sum: 1.9587852954864502
BuildTime: 3081.886250734329
AllTime: 3083.8450360298157
Percentage: 0.06
