CalculatingTime: 1.9267709255218506
OrderingTime: 1.5651369094848633
Sum: 3.491907835006714
BuildTime: 3465.5653054714203
AllTime: 3469.057213306427
Percentage: 0.1
