CalculatingTime: 1.940605640411377
OrderingTime: 0.00023484230041503906
Sum: 1.940840482711792
BuildTime: 3415.9835121631622
AllTime: 3417.924352645874
Percentage: 0.06
