CommandTime: 1.005002498626709
AnalysisTime: 0.04695844650268555
CalculatingTime: 1.8977570533752441
OrderingTime: 0.18699431419372559
Sum: 3.1367123126983643
BuildTime: 3257.0095098018646
AllTime: 3260.146222114563
Percentage: 0.1
