CommandTime: 1.0334811210632324
AnalysisTime: 0.04561042785644531
CalculatingTime: 1.827770471572876
OrderingTime: 0.188493013381958
Sum: 3.0953550338745117
BuildTime: 3439.586679458618
AllTime: 3442.6820344924927
Percentage: 0.09
