CalculatingTime: 1.986257553100586
OrderingTime: 0.00022673606872558594
Sum: 1.9864842891693115
BuildTime: 3420.675126552582
AllTime: 3422.661610841751
Percentage: 0.06
