CalculatingTime: 1.2935585975646973
OrderingTime: 0.12401008605957031
Sum: 1.4175686836242676
BuildTime: 3240.872947692871
AllTime: 3242.2905163764954
Percentage: 0.04
