CalculatingTime: 1.436394453048706
OrderingTime: 0.09619951248168945
Sum: 1.5325939655303955
BuildTime: 3634.267912864685
AllTime: 3635.8005068302155
Percentage: 0.04
