CommandTime: 1.1521196365356445
AnalysisTime: 0.04682564735412598
CalculatingTime: 1.8415472507476807
OrderingTime: 0.15787744522094727
Sum: 3.1983699798583984
BuildTime: 3635.277189016342
AllTime: 3638.4755589962006
Percentage: 0.09
