CalculatingTime: 1.9225027561187744
OrderingTime: 0.0002181529998779297
Sum: 1.9227209091186523
BuildTime: 3448.4137575626373
AllTime: 3450.336478471756
Percentage: 0.06
