CommandTime: 5.318704843521118
AnalysisTime: 0.20442414283752441
CalculatingTime: 14.2707200050354
OrderingTime: 0.03228497505187988
Sum: 19.826133966445923
BuildTime: 13501.90386168162
AllTime: 13521.729995648066
Percentage: 0.15
