CommandTime: 5.768461465835571
AnalysisTime: 0.22038531303405762
CalculatingTime: 14.617169618606567
OrderingTime: 0.08821725845336914
Sum: 20.694233655929565
BuildTime: 14174.109989802042
AllTime: 14194.804223457972
Percentage: 0.15
