CommandTime: 5.2379310131073
AnalysisTime: 0.20693182945251465
CalculatingTime: 14.608335971832275
OrderingTime: 0.05280637741088867
Sum: 20.10600519180298
BuildTime: 14517.638579289118
AllTime: 14537.74458448092
Percentage: 0.14
