CalculatingTime: 7.290395736694336
OrderingTime: 0.33905744552612305
Sum: 7.629453182220459
BuildTime: 13886.081951856613
AllTime: 13893.711405038834
Percentage: 0.05
