CommandTime: 5.336434841156006
AnalysisTime: 0.209031343460083
CalculatingTime: 14.961971759796143
OrderingTime: 0.14678025245666504
Sum: 20.654218196868896
BuildTime: 13261.734671990076
AllTime: 13282.388890186945
Percentage: 0.16
