CalculatingTime: 7.617062568664551
OrderingTime: 0.3285679817199707
Sum: 7.9456305503845215
BuildTime: 14202.49322517713
AllTime: 14210.438855727514
Percentage: 0.06
