CalculatingTime: 7.203626871109009
OrderingTime: 0.32924604415893555
Sum: 7.532872915267944
BuildTime: 14037.818222522736
AllTime: 14045.351095438004
Percentage: 0.05
