CalculatingTime: 7.327072858810425
OrderingTime: 0.33133840560913086
Sum: 7.658411264419556
BuildTime: 12011.120065848032
AllTime: 12018.778477112452
Percentage: 0.06
