CommandTime: 5.778422117233276
AnalysisTime: 0.2285611629486084
CalculatingTime: 14.66302490234375
OrderingTime: 0.08762240409851074
Sum: 20.757630586624146
BuildTime: 13700.399062077204
AllTime: 13721.156692663828
Percentage: 0.15
