CalculatingTime: 7.280418872833252
OrderingTime: 0.3265204429626465
Sum: 7.606939315795898
BuildTime: 14106.525078614553
AllTime: 14114.13201793035
Percentage: 0.05
