CalculatingTime: 7.466879844665527
OrderingTime: 0.3149237632751465
Sum: 7.781803607940674
BuildTime: 14043.956574837366
AllTime: 14051.738378445307
Percentage: 0.06
