CommandTime: 5.360081434249878
AnalysisTime: 0.20487618446350098
CalculatingTime: 14.124688863754272
OrderingTime: 0.036426544189453125
Sum: 19.726073026657104
BuildTime: 13278.435382445654
AllTime: 13298.161455472311
Percentage: 0.15
