CommandTime: 5.905489206314087
AnalysisTime: 0.22492551803588867
CalculatingTime: 14.184165000915527
OrderingTime: 0.10722994804382324
Sum: 20.421809673309326
BuildTime: 13599.002769947052
AllTime: 13619.424579620361
Percentage: 0.15
