CalculatingTime: 7.405800819396973
OrderingTime: 0.3421473503112793
Sum: 7.747948169708252
BuildTime: 12277.768938064575
AllTime: 12285.516886234283
Percentage: 0.06
