CommandTime: 5.4826250076293945
AnalysisTime: 0.2146623134613037
CalculatingTime: 15.172520637512207
OrderingTime: 0.06259799003601074
Sum: 20.932405948638916
BuildTime: 12046.318885882696
AllTime: 12067.251291831335
Percentage: 0.17
