CommandTime: 5.245842218399048
AnalysisTime: 0.20451641082763672
CalculatingTime: 15.267490863800049
OrderingTime: 0.05252552032470703
Sum: 20.77037501335144
BuildTime: 12221.076608101526
AllTime: 12241.846983114878
Percentage: 0.17
