CalculatingTime: 7.4719109535217285
OrderingTime: 0.3241112232208252
Sum: 7.796022176742554
BuildTime: 13111.45564810435
AllTime: 13119.251670281092
Percentage: 0.06
