CalculatingTime: 7.543352365493774
OrderingTime: 0.3392782211303711
Sum: 7.8826305866241455
BuildTime: 13733.83811767896
AllTime: 13741.720748265585
Percentage: 0.06
