CommandTime: 5.871628999710083
AnalysisTime: 0.22303128242492676
CalculatingTime: 13.758029699325562
OrderingTime: 0.03626847267150879
Sum: 19.88895845413208
BuildTime: 14432.717717965445
AllTime: 14452.606676419577
Percentage: 0.14
