CommandTime: 5.28002142906189
AnalysisTime: 0.20742368698120117
CalculatingTime: 15.372331142425537
OrderingTime: 0.10408711433410645
Sum: 20.963863372802734
BuildTime: 13539.0703505675
AllTime: 13560.034213940302
Percentage: 0.15
