CalculatingTime: 7.398868083953857
OrderingTime: 0.3277566432952881
Sum: 7.7266247272491455
BuildTime: 14919.549233992895
AllTime: 14927.275858720144
Percentage: 0.05
