CalculatingTime: 7.13158106803894
OrderingTime: 0.3230705261230469
Sum: 7.454651594161987
BuildTime: 13314.92532881101
AllTime: 13322.379980405172
Percentage: 0.06
