CommandTime: 5.659573793411255
AnalysisTime: 0.2084670066833496
CalculatingTime: 13.828216314315796
OrderingTime: 0.04872703552246094
Sum: 19.74498414993286
BuildTime: 13197.373709440231
AllTime: 13217.118693590164
Percentage: 0.15
