CalculatingTime: 7.562190294265747
OrderingTime: 0.3785371780395508
Sum: 7.940727472305298
BuildTime: 14261.561756690344
AllTime: 14269.50248416265
Percentage: 0.06
