CommandTime: 5.339119911193848
AnalysisTime: 0.2061319351196289
CalculatingTime: 13.966668128967285
OrderingTime: 0.04314732551574707
Sum: 19.55506730079651
BuildTime: 13997.111657460531
AllTime: 14016.666724761328
Percentage: 0.14
