CalculatingTime: 7.405706405639648
OrderingTime: 0.33128905296325684
Sum: 7.736995458602905
BuildTime: 13387.53155652682
AllTime: 13395.268551985422
Percentage: 0.06
