CalculatingTime: 7.542760133743286
OrderingTime: 0.33858585357666016
Sum: 7.881345987319946
BuildTime: 13392.85587310791
AllTime: 13400.73721909523
Percentage: 0.06
