CalculatingTime: 7.697870492935181
OrderingTime: 0.3375098705291748
Sum: 8.035380363464355
BuildTime: 13630.245185375214
AllTime: 13638.280565738678
Percentage: 0.06
