CalculatingTime: 7.609793663024902
OrderingTime: 0.3014101982116699
Sum: 7.911203861236572
BuildTime: 13369.360864798227
AllTime: 13377.272068659464
Percentage: 0.06
