CalculatingTime: 7.503194808959961
OrderingTime: 0.3265039920806885
Sum: 7.829698801040649
BuildTime: 14808.046971638998
AllTime: 14815.876670440039
Percentage: 0.05
