CalculatingTime: 7.4261229038238525
OrderingTime: 0.33269309997558594
Sum: 7.7588160037994385
BuildTime: 12136.428036530813
AllTime: 12144.186852534613
Percentage: 0.06
