CalculatingTime: 7.321978807449341
OrderingTime: 0.35483264923095703
Sum: 7.676811456680298
BuildTime: 14786.528650124868
AllTime: 14794.205461581549
Percentage: 0.05
