CommandTime: 5.278954744338989
AnalysisTime: 0.20339560508728027
CalculatingTime: 14.115182876586914
OrderingTime: 0.035625457763671875
Sum: 19.633158683776855
BuildTime: 13759.720241387686
AllTime: 13779.353400071463
Percentage: 0.14
