CommandTime: 5.314795255661011
AnalysisTime: 0.2035229206085205
CalculatingTime: 15.284806966781616
OrderingTime: 0.03934788703918457
Sum: 20.842473030090332
BuildTime: 11906.29379439354
AllTime: 11927.13626742363
Percentage: 0.17
