CalculatingTime: 7.307781457901001
OrderingTime: 0.2961864471435547
Sum: 7.603967905044556
BuildTime: 14231.540275971094
AllTime: 14239.144243876139
Percentage: 0.05
