CommandTime: 5.237931489944458
AnalysisTime: 0.20577716827392578
CalculatingTime: 13.979528903961182
OrderingTime: 0.04241347312927246
Sum: 19.465651035308838
BuildTime: 14139.44241921107
AllTime: 14158.908070246378
Percentage: 0.14
