CommandTime: 5.9395527839660645
AnalysisTime: 0.2217729091644287
CalculatingTime: 14.018188953399658
OrderingTime: 0.02890777587890625
Sum: 20.208422422409058
BuildTime: 15652.862387895584
AllTime: 15673.070810317993
Percentage: 0.13
