CommandTime: 5.918656587600708
AnalysisTime: 0.22974610328674316
CalculatingTime: 14.584624767303467
OrderingTime: 0.0828695297241211
Sum: 20.81589698791504
BuildTime: 14534.051695664724
AllTime: 14554.86759265264
Percentage: 0.14
