CommandTime: 5.837424993515015
AnalysisTime: 0.2214663028717041
CalculatingTime: 13.029558897018433
OrderingTime: 0.03135108947753906
Sum: 19.11980128288269
BuildTime: 13481.697774092356
AllTime: 13500.817575375238
Percentage: 0.14
