CommandTime: 5.266881704330444
AnalysisTime: 0.20445513725280762
CalculatingTime: 14.636998891830444
OrderingTime: 0.06798291206359863
Sum: 20.176318645477295
BuildTime: 14037.827228069305
AllTime: 14058.003546714783
Percentage: 0.14
