CommandTime: 5.417513370513916
AnalysisTime: 0.20998311042785645
CalculatingTime: 14.028807640075684
OrderingTime: 0.0662074089050293
Sum: 19.722511529922485
BuildTime: 14450.807651599249
AllTime: 14470.530163129171
Percentage: 0.14
