CommandTime: 5.820963382720947
AnalysisTime: 0.21844172477722168
CalculatingTime: 13.476467370986938
OrderingTime: 0.04573535919189453
Sum: 19.561607837677002
BuildTime: 14625.767166852951
AllTime: 14645.328774690628
Percentage: 0.13
