CalculatingTime: 7.3752970695495605
OrderingTime: 0.32903385162353516
Sum: 7.704330921173096
BuildTime: 14267.861903349558
AllTime: 14275.566234270731
Percentage: 0.05
