CalculatingTime: 7.460571050643921
OrderingTime: 0.3047020435333252
Sum: 7.765273094177246
BuildTime: 13253.702147086462
AllTime: 13261.46742018064
Percentage: 0.06
