CommandTime: 5.788516044616699
AnalysisTime: 0.2166121006011963
CalculatingTime: 14.68732237815857
OrderingTime: 0.041671037673950195
Sum: 20.734121561050415
BuildTime: 14053.976191123327
AllTime: 14074.710312684378
Percentage: 0.15
