CalculatingTime: 7.410888433456421
OrderingTime: 0.3327786922454834
Sum: 7.743667125701904
BuildTime: 13365.71456114451
AllTime: 13373.458228270212
Percentage: 0.06
