CalculatingTime: 7.624134063720703
OrderingTime: 0.3558003902435303
Sum: 7.979934453964233
BuildTime: 14749.455404520035
AllTime: 14757.435338973999
Percentage: 0.05
