CommandTime: 5.296116352081299
AnalysisTime: 0.20273900032043457
CalculatingTime: 13.83702540397644
OrderingTime: 0.06380605697631836
Sum: 19.399686813354492
BuildTime: 13354.924241065979
AllTime: 13374.323927879333
Percentage: 0.15
