CommandTime: 5.822789669036865
AnalysisTime: 0.227586030960083
CalculatingTime: 15.003690719604492
OrderingTime: 0.0633699893951416
Sum: 21.117436408996582
BuildTime: 14154.282436132431
AllTime: 14175.399872541428
Percentage: 0.15
