CommandTime: 5.469852447509766
AnalysisTime: 0.20836400985717773
CalculatingTime: 14.545351505279541
OrderingTime: 0.05083942413330078
Sum: 20.274407386779785
BuildTime: 13829.761928478876
AllTime: 13850.036335865656
Percentage: 0.15
