CommandTime: 5.954637765884399
AnalysisTime: 0.2265632152557373
CalculatingTime: 15.303958177566528
OrderingTime: 0.03783559799194336
Sum: 21.52299475669861
BuildTime: 13576.160126209259
AllTime: 13597.683120965958
Percentage: 0.16
