CalculatingTime: 7.420133113861084
OrderingTime: 0.333251953125
Sum: 7.753385066986084
BuildTime: 14088.37426273028
AllTime: 14096.127647797266
Percentage: 0.06
