CalculatingTime: 7.2769341468811035
OrderingTime: 0.32244062423706055
Sum: 7.599374771118164
BuildTime: 14571.09736251831
AllTime: 14578.696737289429
Percentage: 0.05
