CalculatingTime: 7.3862624168396
OrderingTime: 0.3472886085510254
Sum: 7.733551025390625
BuildTime: 15536.78290271759
AllTime: 15544.516453742981
Percentage: 0.05
