CommandTime: 5.317166566848755
AnalysisTime: 0.21016526222229004
CalculatingTime: 15.707464218139648
OrderingTime: 0.077880859375
Sum: 21.312676906585693
BuildTime: 12604.632284323374
AllTime: 12625.94496122996
Percentage: 0.17
