CommandTime: 5.83716344833374
AnalysisTime: 0.22554969787597656
CalculatingTime: 14.781711101531982
OrderingTime: 0.046708106994628906
Sum: 20.891132354736328
BuildTime: 13307.900030930838
AllTime: 13328.791163285574
Percentage: 0.16
