CalculatingTime: 7.515721082687378
OrderingTime: 0.2969498634338379
Sum: 7.812670946121216
BuildTime: 12598.03871623675
AllTime: 12605.85138718287
Percentage: 0.06
