CalculatingTime: 7.170095920562744
OrderingTime: 0.31793212890625
Sum: 7.488028049468994
BuildTime: 14028.4116841952
AllTime: 14035.899712244669
Percentage: 0.05
