CalculatingTime: 7.470046758651733
OrderingTime: 0.3339073657989502
Sum: 7.803954124450684
BuildTime: 14934.98841468493
AllTime: 14942.792368809382
Percentage: 0.05
