CommandTime: 5.8792173862457275
AnalysisTime: 0.22637248039245605
CalculatingTime: 14.240686416625977
OrderingTime: 0.05248522758483887
Sum: 20.398761510849
BuildTime: 14681.812897523245
AllTime: 14702.211659034094
Percentage: 0.14
