CalculatingTime: 7.438138961791992
OrderingTime: 0.3054516315460205
Sum: 7.743590593338013
BuildTime: 13679.728869517645
AllTime: 13687.472460110983
Percentage: 0.06
