CalculatingTime: 7.463234186172485
OrderingTime: 0.3423604965209961
Sum: 7.8055946826934814
BuildTime: 13724.883641004562
AllTime: 13732.689235687256
Percentage: 0.06
