CommandTime: 5.959146976470947
AnalysisTime: 0.22110772132873535
CalculatingTime: 13.532390117645264
OrderingTime: 0.03506016731262207
Sum: 19.74770498275757
BuildTime: 13198.25135087967
AllTime: 13217.999055862427
Percentage: 0.15
