CommandTime: 5.881394624710083
AnalysisTime: 0.2233741283416748
CalculatingTime: 14.986716985702515
OrderingTime: 0.05479240417480469
Sum: 21.146278142929077
BuildTime: 12973.595533132553
AllTime: 12994.741811275482
Percentage: 0.16
