CalculatingTime: 0.2169475555419922
OrderingTime: 0.011600255966186523
Sum: 0.2285478115081787
BuildTime: 495.435387690862
AllTime: 495.6639355023702
Percentage: 0.05
