CommandTime: 0.12460660934448242
AnalysisTime: 0.009054422378540039
CalculatingTime: 0.35836172103881836
OrderingTime: 0.09450149536132812
Sum: 0.586524248123169
BuildTime: 494.01296043395996
AllTime: 494.59948468208313
Percentage: 0.12
