CommandTime: 0.12907123565673828
AnalysisTime: 0.008941411972045898
CalculatingTime: 0.33904504776000977
OrderingTime: 0.1319262981414795
Sum: 0.6089839935302734
BuildTime: 494.0187893708547
AllTime: 494.62777336438495
Percentage: 0.12
