CalculatingTime: 0.25258970260620117
OrderingTime: 0.01451730728149414
Sum: 0.2671070098876953
BuildTime: 495.9505100250244
AllTime: 496.2176170349121
Percentage: 0.05
