CalculatingTime: 0.2267622947692871
OrderingTime: 0.012224435806274414
Sum: 0.23898673057556152
BuildTime: 502.8903525670369
AllTime: 503.1293392976125
Percentage: 0.05
