CalculatingTime: 0.24915480613708496
OrderingTime: 0.01360011100769043
Sum: 0.2627549171447754
BuildTime: 499.31345160802204
AllTime: 499.5762065251668
Percentage: 0.05
