CommandTime: 0.1549994945526123
AnalysisTime: 0.009228229522705078
CalculatingTime: 0.3650352954864502
OrderingTime: 0.0952613353729248
Sum: 0.6245243549346924
BuildTime: 498.10114256540936
AllTime: 498.72566692034405
Percentage: 0.13
