CalculatingTime: 0.2534306049346924
OrderingTime: 0.016401052474975586
Sum: 0.26983165740966797
BuildTime: 475.286837498347
AllTime: 475.55666915575665
Percentage: 0.06
