CommandTime: 0.1382131576538086
AnalysisTime: 0.009148597717285156
CalculatingTime: 0.3607795238494873
OrderingTime: 0.09972500801086426
Sum: 0.6078662872314453
BuildTime: 493.37140917778015
AllTime: 493.9792754650116
Percentage: 0.12
