CommandTime: 0.12712669372558594
AnalysisTime: 0.008924245834350586
CalculatingTime: 0.37143611907958984
OrderingTime: 0.18939876556396484
Sum: 0.6968858242034912
BuildTime: 492.8803880214691
AllTime: 493.5772738456726
Percentage: 0.14
