CalculatingTime: 0.1981518268585205
OrderingTime: 0.010887622833251953
Sum: 0.20903944969177246
BuildTime: 493.5611192385356
AllTime: 493.77015868822735
Percentage: 0.04
