CalculatingTime: 0.23270559310913086
OrderingTime: 0.010534524917602539
Sum: 0.2432401180267334
BuildTime: 504.1680785814921
AllTime: 504.41131869951886
Percentage: 0.05
