CalculatingTime: 0.23465204238891602
OrderingTime: 0.012834787368774414
Sum: 0.24748682975769043
BuildTime: 502.51474078496295
AllTime: 502.76222761472064
Percentage: 0.05
