CommandTime: 0.1305990219116211
AnalysisTime: 0.009021282196044922
CalculatingTime: 0.35549259185791016
OrderingTime: 0.1266179084777832
Sum: 0.6217308044433594
BuildTime: 493.1076207955678
AllTime: 493.72935160001117
Percentage: 0.13
