CommandTime: 0.12384486198425293
AnalysisTime: 0.008992195129394531
CalculatingTime: 0.35461878776550293
OrderingTime: 0.15566492080688477
Sum: 0.6431207656860352
BuildTime: 501.71560549736023
AllTime: 502.35872626304626
Percentage: 0.13
