CalculatingTime: 0.22913098335266113
OrderingTime: 0.012673616409301758
Sum: 0.2418045997619629
BuildTime: 495.0758056640625
AllTime: 495.31761026382446
Percentage: 0.05
