CommandTime: 0.13650774955749512
AnalysisTime: 0.008896589279174805
CalculatingTime: 0.35961484909057617
OrderingTime: 0.14571833610534668
Sum: 0.6507375240325928
BuildTime: 493.58793210983276
AllTime: 494.23866963386536
Percentage: 0.13
