CalculatingTime: 0.2592136859893799
OrderingTime: 0.01315617561340332
Sum: 0.2723698616027832
BuildTime: 496.75891669591266
AllTime: 497.03128655751544
Percentage: 0.05
