CommandTime: 0.15571045875549316
AnalysisTime: 0.00875091552734375
CalculatingTime: 0.3912851810455322
OrderingTime: 0.19408965110778809
Sum: 0.7498362064361572
BuildTime: 494.3467131455739
AllTime: 495.0965493520101
Percentage: 0.15
