CommandTime: 0.1327664852142334
AnalysisTime: 0.009013652801513672
CalculatingTime: 0.3419535160064697
OrderingTime: 0.12427067756652832
Sum: 0.6080043315887451
BuildTime: 476.79449621836346
AllTime: 477.4025005499522
Percentage: 0.13
