CalculatingTime: 0.2181084156036377
OrderingTime: 0.010162115097045898
Sum: 0.2282705307006836
BuildTime: 499.39960233370465
AllTime: 499.62787286440533
Percentage: 0.05
