CommandTime: 0.13023066520690918
AnalysisTime: 0.008452892303466797
CalculatingTime: 0.336834192276001
OrderingTime: 0.09644484519958496
Sum: 0.5719625949859619
BuildTime: 501.93093768755597
AllTime: 502.50290028254193
Percentage: 0.11
