CommandTime: 0.12897658348083496
AnalysisTime: 0.009201288223266602
CalculatingTime: 0.3488914966583252
OrderingTime: 0.11447811126708984
Sum: 0.6015474796295166
BuildTime: 497.6430900891622
AllTime: 498.2446375687917
Percentage: 0.12
