CalculatingTime: 0.22004914283752441
OrderingTime: 0.013737201690673828
Sum: 0.23378634452819824
BuildTime: 496.69027678171796
AllTime: 496.92406312624615
Percentage: 0.05
