CommandTime: 0.12431001663208008
AnalysisTime: 0.00944662094116211
CalculatingTime: 0.34120941162109375
OrderingTime: 0.09239721298217773
Sum: 0.5673632621765137
BuildTime: 472.8044962088267
AllTime: 473.37185947100323
Percentage: 0.12
