CommandTime: 0.1381845474243164
AnalysisTime: 0.00909876823425293
CalculatingTime: 0.3500709533691406
OrderingTime: 0.15312576293945312
Sum: 0.6504800319671631
BuildTime: 499.95768054326373
AllTime: 500.6081605752309
Percentage: 0.13
