CommandTime: 0.12081217765808105
AnalysisTime: 0.009138822555541992
CalculatingTime: 0.3430192470550537
OrderingTime: 0.0877678394317627
Sum: 0.5607380867004395
BuildTime: 496.34775471687317
AllTime: 496.9084928035736
Percentage: 0.11
