CalculatingTime: 0.2181529998779297
OrderingTime: 0.012695789337158203
Sum: 0.2308487892150879
BuildTime: 491.93484505017597
AllTime: 492.16569383939105
Percentage: 0.05
