CommandTime: 0.12662029266357422
AnalysisTime: 0.009036540985107422
CalculatingTime: 0.35639023780822754
OrderingTime: 0.18764233589172363
Sum: 0.6796894073486328
BuildTime: 492.0606629053752
AllTime: 492.7403523127238
Percentage: 0.14
