CommandTime: 0.14208006858825684
AnalysisTime: 0.009096145629882812
CalculatingTime: 0.3490617275238037
OrderingTime: 0.15972471237182617
Sum: 0.6599626541137695
BuildTime: 499.91998291015625
AllTime: 500.57994556427
Percentage: 0.13
