CalculatingTime: 0.24966740608215332
OrderingTime: 0.01501917839050293
Sum: 0.26468658447265625
BuildTime: 497.99115920066833
AllTime: 498.255845785141
Percentage: 0.05
