CommandTime: 0.14249849319458008
AnalysisTime: 0.009348869323730469
CalculatingTime: 0.3609607219696045
OrderingTime: 0.1872572898864746
Sum: 0.7000653743743896
BuildTime: 492.7007836500804
AllTime: 493.40084902445477
Percentage: 0.14
