CalculatingTime: 0.2555983066558838
OrderingTime: 0.012287616729736328
Sum: 0.2678859233856201
BuildTime: 501.4341636498769
AllTime: 501.7020495732625
Percentage: 0.05
