CommandTime: 0.12274956703186035
AnalysisTime: 0.009153366088867188
CalculatingTime: 0.3314046859741211
OrderingTime: 0.08014798164367676
Sum: 0.5434556007385254
BuildTime: 502.6134693622589
AllTime: 503.15692496299744
Percentage: 0.11
