CalculatingTime: 0.26901936531066895
OrderingTime: 0.011914968490600586
Sum: 0.28093433380126953
BuildTime: 502.508859316508
AllTime: 502.78979365030926
Percentage: 0.06
