CommandTime: 0.12745237350463867
AnalysisTime: 0.008946657180786133
CalculatingTime: 0.3461639881134033
OrderingTime: 0.19038152694702148
Sum: 0.6729445457458496
BuildTime: 502.6061595280965
AllTime: 503.27910407384235
Percentage: 0.13
