CalculatingTime: 0.2365431785583496
OrderingTime: 0.012550592422485352
Sum: 0.24909377098083496
BuildTime: 493.0110963185628
AllTime: 493.26019008954364
Percentage: 0.05
