CommandTime: 0.1247415542602539
AnalysisTime: 0.008650779724121094
CalculatingTime: 0.3445770740509033
OrderingTime: 0.11938166618347168
Sum: 0.59735107421875
BuildTime: 499.2361951669057
AllTime: 499.83354624112445
Percentage: 0.12
