CalculatingTime: 0.23741912841796875
OrderingTime: 0.011545658111572266
Sum: 0.24896478652954102
BuildTime: 503.75976117451984
AllTime: 504.0087259610494
Percentage: 0.05
