CommandTime: 0.12988662719726562
AnalysisTime: 0.008874654769897461
CalculatingTime: 0.36204004287719727
OrderingTime: 0.10877704620361328
Sum: 0.6095783710479736
BuildTime: 472.0595868428548
AllTime: 472.6691652139028
Percentage: 0.13
