CommandTime: 0.12849092483520508
AnalysisTime: 0.008817195892333984
CalculatingTime: 0.3667263984680176
OrderingTime: 0.16768670082092285
Sum: 0.6717212200164795
BuildTime: 496.6994867324829
AllTime: 497.3712079524994
Percentage: 0.14
