CalculatingTime: 0.21176505088806152
OrderingTime: 0.011340618133544922
Sum: 0.22310566902160645
BuildTime: 493.23138268788654
AllTime: 493.45448835690814
Percentage: 0.05
