CommandTime: 0.1560826301574707
AnalysisTime: 0.00886225700378418
CalculatingTime: 0.35117459297180176
OrderingTime: 0.10232210159301758
Sum: 0.6184415817260742
BuildTime: 494.50295837720233
AllTime: 495.1213999589284
Percentage: 0.12
