CalculatingTime: 0.24782776832580566
OrderingTime: 0.013295412063598633
Sum: 0.2611231803894043
BuildTime: 497.7582933108012
AllTime: 498.0194164911906
Percentage: 0.05
