CalculatingTime: 0.24219417572021484
OrderingTime: 0.012875795364379883
Sum: 0.2550699710845947
BuildTime: 493.9253093401591
AllTime: 494.1803793112437
Percentage: 0.05
