CalculatingTime: 0.2515268325805664
OrderingTime: 0.014920949935913086
Sum: 0.2664477825164795
BuildTime: 498.9810788631439
AllTime: 499.2475266456604
Percentage: 0.05
