CalculatingTime: 0.2410590648651123
OrderingTime: 0.014466285705566406
Sum: 0.2555253505706787
BuildTime: 498.2347315947215
AllTime: 498.4902569452922
Percentage: 0.05
