CalculatingTime: 0.24309182167053223
OrderingTime: 0.012806415557861328
Sum: 0.25589823722839355
BuildTime: 501.55728069941205
AllTime: 501.81317893664044
Percentage: 0.05
