CalculatingTime: 0.21683430671691895
OrderingTime: 0.013145685195922852
Sum: 0.2299799919128418
BuildTime: 495.6756434440613
AllTime: 495.9056234359741
Percentage: 0.05
