CalculatingTime: 0.23488402366638184
OrderingTime: 0.015291213989257812
Sum: 0.25017523765563965
BuildTime: 500.4456094106038
AllTime: 500.69578464825946
Percentage: 0.05
