CalculatingTime: 0.22017335891723633
OrderingTime: 0.012505769729614258
Sum: 0.23267912864685059
BuildTime: 500.3333623409271
AllTime: 500.566041469574
Percentage: 0.05
