CalculatingTime: 0.21579217910766602
OrderingTime: 0.011626958847045898
Sum: 0.22741913795471191
BuildTime: 496.7272759278615
AllTime: 496.9546950658162
Percentage: 0.05
