CommandTime: 0.137526273727417
AnalysisTime: 0.008820772171020508
CalculatingTime: 0.3414731025695801
OrderingTime: 0.11464643478393555
Sum: 0.6024665832519531
BuildTime: 474.96884028116864
AllTime: 475.5713068644206
Percentage: 0.13
