CommandTime: 0.16816973686218262
AnalysisTime: 0.009159326553344727
CalculatingTime: 0.38896942138671875
OrderingTime: 0.21305036544799805
Sum: 0.7793488502502441
BuildTime: 493.889062722524
AllTime: 494.66841157277423
Percentage: 0.16
