CommandTime: 0.12926936149597168
AnalysisTime: 0.009395360946655273
CalculatingTime: 0.3685789108276367
OrderingTime: 0.19037580490112305
Sum: 0.6976194381713867
BuildTime: 493.69462672869366
AllTime: 494.39224616686505
Percentage: 0.14
