CommandTime: 0.13127636909484863
AnalysisTime: 0.008803367614746094
CalculatingTime: 0.3334007263183594
OrderingTime: 0.09347915649414062
Sum: 0.5669596195220947
BuildTime: 494.70545323689777
AllTime: 495.27241285641986
Percentage: 0.11
