CalculatingTime: 0.26278138160705566
OrderingTime: 0.01704263687133789
Sum: 0.27982401847839355
BuildTime: 474.73192675908405
AllTime: 475.01175077756244
Percentage: 0.06
