CommandTime: 0.14270949363708496
AnalysisTime: 0.009744882583618164
CalculatingTime: 0.35791444778442383
OrderingTime: 0.1095571517944336
Sum: 0.6199259757995605
BuildTime: 496.0719220638275
AllTime: 496.6918480396271
Percentage: 0.12
