CalculatingTime: 0.21063232421875
OrderingTime: 0.01035761833190918
Sum: 0.22098994255065918
BuildTime: 500.412624279658
AllTime: 500.6336142222087
Percentage: 0.04
