CommandTime: 0.12385320663452148
AnalysisTime: 0.008845329284667969
CalculatingTime: 0.33974194526672363
OrderingTime: 0.18932843208312988
Sum: 0.661768913269043
BuildTime: 496.86283326148987
AllTime: 497.5246021747589
Percentage: 0.13
