CalculatingTime: 0.2168898582458496
OrderingTime: 0.011599063873291016
Sum: 0.22848892211914062
BuildTime: 472.72489563624066
AllTime: 472.9533845583598
Percentage: 0.05
