CalculatingTime: 0.2293243408203125
OrderingTime: 0.013589620590209961
Sum: 0.24291396141052246
BuildTime: 493.81246757507324
AllTime: 494.05538153648376
Percentage: 0.05
