CommandTime: 0.12030696868896484
AnalysisTime: 0.00867152214050293
CalculatingTime: 0.34306764602661133
OrderingTime: 0.14822649955749512
Sum: 0.6202726364135742
BuildTime: 502.23488664627075
AllTime: 502.8551592826843
Percentage: 0.12
