CommandTime: 0.16487598419189453
AnalysisTime: 0.008870124816894531
CalculatingTime: 0.344310998916626
OrderingTime: 0.10661053657531738
Sum: 0.6246676445007324
BuildTime: 488.48020164171857
AllTime: 489.1048692862193
Percentage: 0.13
