CommandTime: 0.8700487613677979
AnalysisTime: 0.017181873321533203
CalculatingTime: 0.5486469268798828
OrderingTime: 0.4216277599334717
Sum: 1.8575053215026855
BuildTime: 825.4528459707896
AllTime: 827.3103512922922
Percentage: 0.22
