CommandTime: 0.9062545299530029
AnalysisTime: 0.016853809356689453
CalculatingTime: 0.5821950435638428
OrderingTime: 0.5623390674591064
Sum: 2.0676424503326416
BuildTime: 781.0530778566996
AllTime: 783.1207203070322
Percentage: 0.26
