CommandTime: 0.8693602085113525
AnalysisTime: 0.016728639602661133
CalculatingTime: 0.5754654407501221
OrderingTime: 0.2698984146118164
Sum: 1.7314527034759521
BuildTime: 780.3676568667094
AllTime: 782.0991095701853
Percentage: 0.22
