CommandTime: 0.90205979347229
AnalysisTime: 0.017768144607543945
CalculatingTime: 0.6419205665588379
OrderingTime: 0.3799605369567871
Sum: 1.941709041595459
BuildTime: 824.4720557530721
AllTime: 826.4137647946676
Percentage: 0.23
