CalculatingTime: 0.2921628952026367
OrderingTime: 0.019766807556152344
Sum: 0.31192970275878906
BuildTime: 825.936917146047
AllTime: 826.2488468488058
Percentage: 0.04
