CommandTime: 0.9149961471557617
AnalysisTime: 0.01684713363647461
CalculatingTime: 0.5883948802947998
OrderingTime: 0.36092638969421387
Sum: 1.88116455078125
BuildTime: 825.237161397934
AllTime: 827.1183259487152
Percentage: 0.23
