CommandTime: 0.8471100330352783
AnalysisTime: 0.017117023468017578
CalculatingTime: 0.6084623336791992
OrderingTime: 0.27500367164611816
Sum: 1.7476930618286133
BuildTime: 780.6878163019816
AllTime: 782.4355093638102
Percentage: 0.22
