CalculatingTime: 0.2845308780670166
OrderingTime: 0.016017675399780273
Sum: 0.3005485534667969
BuildTime: 823.9304914474487
AllTime: 824.2310400009155
Percentage: 0.04
