CalculatingTime: 0.265002965927124
OrderingTime: 0.016225099563598633
Sum: 0.28122806549072266
BuildTime: 782.7334345976511
AllTime: 783.0146626631418
Percentage: 0.04
