CalculatingTime: 0.28789710998535156
OrderingTime: 0.016265869140625
Sum: 0.30416297912597656
BuildTime: 824.545422077179
AllTime: 824.8495850563049
Percentage: 0.04
