CommandTime: 0.9688293933868408
AnalysisTime: 0.0170440673828125
CalculatingTime: 0.5901012420654297
OrderingTime: 0.5664291381835938
Sum: 2.1424038410186768
BuildTime: 821.6606132189432
AllTime: 823.8030170599619
Percentage: 0.26
