CommandTime: 0.8948063850402832
AnalysisTime: 0.01688528060913086
CalculatingTime: 0.5952739715576172
OrderingTime: 0.643366813659668
Sum: 2.150332450866699
BuildTime: 780.1131195227305
AllTime: 782.2634519735972
Percentage: 0.27
