CalculatingTime: 0.288632869720459
OrderingTime: 0.01849055290222168
Sum: 0.30712342262268066
BuildTime: 832.8435715039572
AllTime: 833.1506949265798
Percentage: 0.04
