CalculatingTime: 0.30779600143432617
OrderingTime: 0.017003297805786133
Sum: 0.3247992992401123
BuildTime: 825.2196688652039
AllTime: 825.544468164444
Percentage: 0.04
