CalculatingTime: 0.2755427360534668
OrderingTime: 0.015616416931152344
Sum: 0.29115915298461914
BuildTime: 784.3007758458456
AllTime: 784.5919349988302
Percentage: 0.04
