CommandTime: 0.8608345985412598
AnalysisTime: 0.01739192008972168
CalculatingTime: 0.5596222877502441
OrderingTime: 0.4320807456970215
Sum: 1.869929552078247
BuildTime: 779.4387306372324
AllTime: 781.3086601893107
Percentage: 0.24
