CalculatingTime: 0.2643918991088867
OrderingTime: 0.01554727554321289
Sum: 0.2799391746520996
BuildTime: 783.1138536135355
AllTime: 783.3937927881876
Percentage: 0.04
