CommandTime: 0.8640012741088867
AnalysisTime: 0.017261266708374023
CalculatingTime: 0.6235983371734619
OrderingTime: 0.3150012493133545
Sum: 1.8198621273040771
BuildTime: 780.3753997484843
AllTime: 782.1952618757883
Percentage: 0.23
