CalculatingTime: 0.33321690559387207
OrderingTime: 0.01890420913696289
Sum: 0.35212111473083496
BuildTime: 834.8787267208099
AllTime: 835.2308478355408
Percentage: 0.04
