CalculatingTime: 0.2765159606933594
OrderingTime: 0.018877029418945312
Sum: 0.2953929901123047
BuildTime: 782.3567910194397
AllTime: 782.652184009552
Percentage: 0.04
