CalculatingTime: 0.28566932678222656
OrderingTime: 0.017544984817504883
Sum: 0.30321431159973145
BuildTime: 839.0810896555582
AllTime: 839.384303967158
Percentage: 0.04
