CalculatingTime: 0.3596799373626709
OrderingTime: 0.015494585037231445
Sum: 0.37517452239990234
BuildTime: 782.8491476376852
AllTime: 783.2243221600851
Percentage: 0.05
