CommandTime: 0.929069995880127
AnalysisTime: 0.01731586456298828
CalculatingTime: 0.6076090335845947
OrderingTime: 0.39481568336486816
Sum: 1.9488105773925781
BuildTime: 824.8741100629171
AllTime: 826.8229206403097
Percentage: 0.24
