CalculatingTime: 0.34764647483825684
OrderingTime: 0.011326074600219727
Sum: 0.35897254943847656
BuildTime: 782.7064369519552
AllTime: 783.0654095013937
Percentage: 0.05
