CommandTime: 0.8892648220062256
AnalysisTime: 0.018152236938476562
CalculatingTime: 0.5676906108856201
OrderingTime: 0.3586280345916748
Sum: 1.833735704421997
BuildTime: 823.3358551661173
AllTime: 825.1695908705393
Percentage: 0.22
