CommandTime: 0.8528323173522949
AnalysisTime: 0.017489194869995117
CalculatingTime: 0.6311652660369873
OrderingTime: 0.42192983627319336
Sum: 1.9234166145324707
BuildTime: 780.0208288828532
AllTime: 781.9442454973856
Percentage: 0.25
