CommandTime: 0.897843599319458
AnalysisTime: 0.01788473129272461
CalculatingTime: 0.6222872734069824
OrderingTime: 0.28679990768432617
Sum: 1.8248155117034912
BuildTime: 825.5768373807272
AllTime: 827.4016528924307
Percentage: 0.22
