CommandTime: 0.8523821830749512
AnalysisTime: 0.0170590877532959
CalculatingTime: 0.5732443332672119
OrderingTime: 0.33641719818115234
Sum: 1.7791028022766113
BuildTime: 781.5203378200531
AllTime: 783.2994406223297
Percentage: 0.23
