CalculatingTime: 0.26235485076904297
OrderingTime: 0.015899181365966797
Sum: 0.27825403213500977
BuildTime: 826.427392800649
AllTime: 826.705646832784
Percentage: 0.03
