CommandTime: 0.8634614944458008
AnalysisTime: 0.016960859298706055
CalculatingTime: 0.5977044105529785
OrderingTime: 0.41466188430786133
Sum: 1.8927886486053467
BuildTime: 779.3431133429209
AllTime: 781.2359019915262
Percentage: 0.24
