CommandTime: 0.8720910549163818
AnalysisTime: 0.018118619918823242
CalculatingTime: 0.6208009719848633
OrderingTime: 0.17065095901489258
Sum: 1.681661605834961
BuildTime: 822.0941505432129
AllTime: 823.7758121490479
Percentage: 0.2
