CalculatingTime: 0.32154035568237305
OrderingTime: 0.01627659797668457
Sum: 0.3378169536590576
BuildTime: 789.1844589710236
AllTime: 789.5222759246826
Percentage: 0.04
