CommandTime: 0.8595457077026367
AnalysisTime: 0.01770806312561035
CalculatingTime: 0.5787508487701416
OrderingTime: 0.35393190383911133
Sum: 1.8099365234375
BuildTime: 780.6147986253103
AllTime: 782.4247351487478
Percentage: 0.23
