CommandTime: 0.8547694683074951
AnalysisTime: 0.017179012298583984
CalculatingTime: 0.599916934967041
OrderingTime: 0.29979491233825684
Sum: 1.771660327911377
BuildTime: 780.7087206045786
AllTime: 782.48038093249
Percentage: 0.23
