CalculatingTime: 0.3086659908294678
OrderingTime: 0.01941084861755371
Sum: 0.3280768394470215
BuildTime: 782.1251800060272
AllTime: 782.4532568454742
Percentage: 0.04
