CommandTime: 0.8273036479949951
AnalysisTime: 0.016927003860473633
CalculatingTime: 0.5727953910827637
OrderingTime: 2.2422211170196533
Sum: 3.6592471599578857
BuildTime: 779.937595208486
AllTime: 783.5968423684438
Percentage: 0.47
