CalculatingTime: 0.2731962203979492
OrderingTime: 0.012634515762329102
Sum: 0.2858307361602783
BuildTime: 784.080597003301
AllTime: 784.3664277394613
Percentage: 0.04
