CalculatingTime: 0.3028371334075928
OrderingTime: 0.016292572021484375
Sum: 0.31912970542907715
BuildTime: 782.0391774177551
AllTime: 782.3583071231842
Percentage: 0.04
