CalculatingTime: 0.293184757232666
OrderingTime: 0.019899368286132812
Sum: 0.31308412551879883
BuildTime: 825.1553105513254
AllTime: 825.4683946768442
Percentage: 0.04
