CommandTime: 0.9134166240692139
AnalysisTime: 0.0172269344329834
CalculatingTime: 0.600785493850708
OrderingTime: 0.32614779472351074
Sum: 1.857576847076416
BuildTime: 825.5592412153879
AllTime: 827.4168180624644
Percentage: 0.22
