CalculatingTime: 0.29591822624206543
OrderingTime: 0.01778411865234375
Sum: 0.3137023448944092
BuildTime: 822.2162648042043
AllTime: 822.5299671490988
Percentage: 0.04
