CalculatingTime: 0.17497920989990234
OrderingTime: 0.011730432510375977
Sum: 0.18670964241027832
BuildTime: 791.2783607641855
AllTime: 791.4650704065958
Percentage: 0.02
