CalculatingTime: 0.2730138301849365
OrderingTime: 0.015012979507446289
Sum: 0.2880268096923828
BuildTime: 823.7210930188497
AllTime: 824.0091198285421
Percentage: 0.03
