CalculatingTime: 0.30193090438842773
OrderingTime: 0.020668506622314453
Sum: 0.3225994110107422
BuildTime: 784.7955786387125
AllTime: 785.1181780497233
Percentage: 0.04
