CalculatingTime: 0.2952241897583008
OrderingTime: 0.01818251609802246
Sum: 0.31340670585632324
BuildTime: 783.619387547175
AllTime: 783.9327942530314
Percentage: 0.04
