CalculatingTime: 0.3207712173461914
OrderingTime: 0.016521930694580078
Sum: 0.3372931480407715
BuildTime: 825.0472293694814
AllTime: 825.3845225175222
Percentage: 0.04
