CommandTime: 0.8311078548431396
AnalysisTime: 0.017254114151000977
CalculatingTime: 0.587989091873169
OrderingTime: 0.3347151279449463
Sum: 1.7710661888122559
BuildTime: 780.2859790325165
AllTime: 782.0570452213287
Percentage: 0.23
