CommandTime: 0.8528616428375244
AnalysisTime: 0.016777992248535156
CalculatingTime: 0.5963284969329834
OrderingTime: 0.3291816711425781
Sum: 1.795149803161621
BuildTime: 780.5379590988159
AllTime: 782.3331089019775
Percentage: 0.23
