CommandTime: 0.9246366024017334
AnalysisTime: 0.017680883407592773
CalculatingTime: 0.58681321144104
OrderingTime: 0.2666139602661133
Sum: 1.7957446575164795
BuildTime: 823.6870078245798
AllTime: 825.4827524820963
Percentage: 0.22
