CalculatingTime: 0.3122377395629883
OrderingTime: 0.014933347702026367
Sum: 0.32717108726501465
BuildTime: 783.0802772045135
AllTime: 783.4074482917786
Percentage: 0.04
