CommandTime: 0.8578603267669678
AnalysisTime: 0.017001628875732422
CalculatingTime: 0.6402716636657715
OrderingTime: 0.33076977729797363
Sum: 1.8459033966064453
BuildTime: 782.2498591740926
AllTime: 784.0957625706991
Percentage: 0.24
