CalculatingTime: 0.27600812911987305
OrderingTime: 0.013750553131103516
Sum: 0.28975868225097656
BuildTime: 784.8395156065623
AllTime: 785.1292742888132
Percentage: 0.04
