CommandTime: 0.8659346103668213
AnalysisTime: 0.017180919647216797
CalculatingTime: 0.5958197116851807
OrderingTime: 0.3471105098724365
Sum: 1.8260457515716553
BuildTime: 824.30464275678
AllTime: 826.1306885083517
Percentage: 0.22
