CommandTime: 0.8286855220794678
AnalysisTime: 0.01682567596435547
CalculatingTime: 0.5906398296356201
OrderingTime: 0.4753117561340332
Sum: 1.9114627838134766
BuildTime: 780.3636597792307
AllTime: 782.2751225630442
Percentage: 0.24
