CommandTime: 0.8694875240325928
AnalysisTime: 0.016993045806884766
CalculatingTime: 0.5889418125152588
OrderingTime: 0.6346454620361328
Sum: 2.110067844390869
BuildTime: 822.0090212027231
AllTime: 824.119089047114
Percentage: 0.26
