CalculatingTime: 0.3091728687286377
OrderingTime: 0.013988018035888672
Sum: 0.32316088676452637
BuildTime: 823.003145535787
AllTime: 823.3263064225515
Percentage: 0.04
