CommandTime: 0.9293675422668457
AnalysisTime: 0.017251253128051758
CalculatingTime: 0.6016323566436768
OrderingTime: 0.24657464027404785
Sum: 1.794825792312622
BuildTime: 821.1910205682119
AllTime: 822.9858463605245
Percentage: 0.22
