CommandTime: 0.9058785438537598
AnalysisTime: 0.018092870712280273
CalculatingTime: 0.5964150428771973
OrderingTime: 0.3905603885650635
Sum: 1.9109468460083008
BuildTime: 822.1807236671448
AllTime: 824.0916705131531
Percentage: 0.23
