CalculatingTime: 0.31314969062805176
OrderingTime: 0.015631675720214844
Sum: 0.3287813663482666
BuildTime: 824.8310129642487
AllTime: 825.1597943305969
Percentage: 0.04
