CalculatingTime: 0.30283069610595703
OrderingTime: 0.01740241050720215
Sum: 0.3202331066131592
BuildTime: 792.0330288410187
AllTime: 792.3532619476318
Percentage: 0.04
