CalculatingTime: 0.16457462310791016
OrderingTime: 0.01156163215637207
Sum: 0.17613625526428223
BuildTime: 599.4716699123383
AllTime: 599.6478061676025
Percentage: 0.03
