CalculatingTime: 0.16689634323120117
OrderingTime: 0.019484281539916992
Sum: 0.18638062477111816
BuildTime: 529.0115049680074
AllTime: 529.1978855927786
Percentage: 0.04
