CommandTime: 1.0750679969787598
AnalysisTime: 0.010260820388793945
CalculatingTime: 0.30506134033203125
OrderingTime: 1.5061962604522705
Sum: 2.8965864181518555
BuildTime: 234.86563436190286
AllTime: 237.76222078005472
Percentage: 1.22
