CommandTime: 1.0495672225952148
AnalysisTime: 0.010215282440185547
CalculatingTime: 0.29496073722839355
OrderingTime: 1.8038291931152344
Sum: 3.1585724353790283
BuildTime: 259.77957312266034
AllTime: 262.93814555803937
Percentage: 1.2
