CalculatingTime: 0.17011761665344238
OrderingTime: 0.01465296745300293
Sum: 0.1847705841064453
BuildTime: 504.07793164253235
AllTime: 504.2627022266388
Percentage: 0.04
