CommandTime: 1.0909109115600586
AnalysisTime: 0.009864568710327148
CalculatingTime: 0.30208349227905273
OrderingTime: 1.0330243110656738
Sum: 2.4358832836151123
BuildTime: 247.70000187555948
AllTime: 250.1358851591746
Percentage: 0.97
