CommandTime: 1.0552737712860107
AnalysisTime: 0.009875059127807617
CalculatingTime: 0.28452277183532715
OrderingTime: 0.35668063163757324
Sum: 1.7063522338867188
BuildTime: 343.68486976623535
AllTime: 345.39122200012207
Percentage: 0.49
