CommandTime: 1.1142895221710205
AnalysisTime: 0.009819507598876953
CalculatingTime: 0.316666841506958
OrderingTime: 0.5172507762908936
Sum: 1.958026647567749
BuildTime: 282.5583348274231
AllTime: 284.51636147499084
Percentage: 0.69
