CalculatingTime: 0.17419147491455078
OrderingTime: 0.013721942901611328
Sum: 0.1879134178161621
BuildTime: 579.7003680070242
AllTime: 579.8882814248403
Percentage: 0.03
