CalculatingTime: 0.18227624893188477
OrderingTime: 0.01311039924621582
Sum: 0.19538664817810059
BuildTime: 679.0035763581594
AllTime: 679.1989630063375
Percentage: 0.03
