CommandTime: 1.1718800067901611
AnalysisTime: 0.009918451309204102
CalculatingTime: 0.2948334217071533
OrderingTime: 0.6498508453369141
Sum: 2.1264827251434326
BuildTime: 294.4578462441762
AllTime: 296.58432896931964
Percentage: 0.72
