CommandTime: 1.1236903667449951
AnalysisTime: 0.010223865509033203
CalculatingTime: 0.3237743377685547
OrderingTime: 1.0582926273345947
Sum: 2.5159811973571777
BuildTime: 228.02508656183878
AllTime: 230.54106775919595
Percentage: 1.09
