CommandTime: 1.0560188293457031
AnalysisTime: 0.010026693344116211
CalculatingTime: 0.30630040168762207
OrderingTime: 1.118598222732544
Sum: 2.4909441471099854
BuildTime: 300.4932492574056
AllTime: 302.98419340451557
Percentage: 0.82
