CalculatingTime: 0.1610705852508545
OrderingTime: 0.015679121017456055
Sum: 0.17674970626831055
BuildTime: 455.49197912216187
AllTime: 455.6687288284302
Percentage: 0.04
