CommandTime: 1.0586695671081543
AnalysisTime: 0.010111331939697266
CalculatingTime: 0.2933790683746338
OrderingTime: 0.9840242862701416
Sum: 2.346184253692627
BuildTime: 352.2334603468577
AllTime: 354.57964460055035
Percentage: 0.66
