CommandTime: 1.0625512599945068
AnalysisTime: 0.010616302490234375
CalculatingTime: 0.297288179397583
OrderingTime: 0.5013020038604736
Sum: 1.8717577457427979
BuildTime: 390.791051308314
AllTime: 392.6628090540568
Percentage: 0.48
