CalculatingTime: 0.16831564903259277
OrderingTime: 0.010007381439208984
Sum: 0.17832303047180176
BuildTime: 481.2524240016937
AllTime: 481.4307470321655
Percentage: 0.04
