CalculatingTime: 0.17051291465759277
OrderingTime: 0.02008223533630371
Sum: 0.19059514999389648
BuildTime: 645.04274614652
AllTime: 645.2333412965139
Percentage: 0.03
