CalculatingTime: 0.17421770095825195
OrderingTime: 0.012726306915283203
Sum: 0.18694400787353516
BuildTime: 665.6628294785818
AllTime: 665.8497734864553
Percentage: 0.03
