CommandTime: 1.1189825534820557
AnalysisTime: 0.010239839553833008
CalculatingTime: 0.26209545135498047
OrderingTime: 0.2954216003417969
Sum: 1.686739444732666
BuildTime: 316.27431480089825
AllTime: 317.9610542456309
Percentage: 0.53
