CommandTime: 1.067284107208252
AnalysisTime: 0.009940862655639648
CalculatingTime: 0.3054358959197998
OrderingTime: 1.9209537506103516
Sum: 3.303614616394043
BuildTime: 317.28886461257935
AllTime: 320.5924792289734
Percentage: 1.03
