CalculatingTime: 0.15633797645568848
OrderingTime: 0.016724586486816406
Sum: 0.17306256294250488
BuildTime: 584.0647859573364
AllTime: 584.2378485202789
Percentage: 0.03
