CommandTime: 1.240586280822754
AnalysisTime: 0.010614395141601562
CalculatingTime: 0.30980563163757324
OrderingTime: 1.5092740058898926
Sum: 3.0702803134918213
BuildTime: 315.7742328643799
AllTime: 318.8445131778717
Percentage: 0.96
