CalculatingTime: 0.1731395721435547
OrderingTime: 0.014356136322021484
Sum: 0.18749570846557617
BuildTime: 555.0164523919424
AllTime: 555.203948100408
Percentage: 0.03
