CalculatingTime: 0.17235112190246582
OrderingTime: 0.017038822174072266
Sum: 0.18938994407653809
BuildTime: 565.3983283837637
AllTime: 565.5877183278402
Percentage: 0.03
