CommandTime: 1.1001956462860107
AnalysisTime: 0.010120630264282227
CalculatingTime: 0.27493810653686523
OrderingTime: 1.1893761157989502
Sum: 2.5746304988861084
BuildTime: 258.76666593551636
AllTime: 261.34129643440247
Percentage: 0.99
