CalculatingTime: 0.17274761199951172
OrderingTime: 0.01514577865600586
Sum: 0.18789339065551758
BuildTime: 669.4635428587595
AllTime: 669.651436249415
Percentage: 0.03
