CommandTime: 1.1699135303497314
AnalysisTime: 0.01020956039428711
CalculatingTime: 0.27617859840393066
OrderingTime: 0.7742993831634521
Sum: 2.2306010723114014
BuildTime: 327.85366837183636
AllTime: 330.08426944414776
Percentage: 0.68
