CalculatingTime: 0.16834306716918945
OrderingTime: 0.00968170166015625
Sum: 0.1780247688293457
BuildTime: 586.4934641520182
AllTime: 586.6714889208475
Percentage: 0.03
