CalculatingTime: 0.18230056762695312
OrderingTime: 0.012609720230102539
Sum: 0.19491028785705566
BuildTime: 527.2686085700989
AllTime: 527.4635188579559
Percentage: 0.04
