CalculatingTime: 0.1726987361907959
OrderingTime: 0.015773534774780273
Sum: 0.18847227096557617
BuildTime: 520.6642735004425
AllTime: 520.8527457714081
Percentage: 0.04
