CommandTime: 1.050647497177124
AnalysisTime: 0.010209798812866211
CalculatingTime: 0.30162620544433594
OrderingTime: 0.7008786201477051
Sum: 2.0633621215820312
BuildTime: 270.9289568265279
AllTime: 272.9923189481099
Percentage: 0.76
