CalculatingTime: 0.16275405883789062
OrderingTime: 0.009981870651245117
Sum: 0.17273592948913574
BuildTime: 471.99878334999084
AllTime: 472.17151927948
Percentage: 0.04
