CommandTime: 1.0717144012451172
AnalysisTime: 0.009917497634887695
CalculatingTime: 0.2979130744934082
OrderingTime: 1.3669745922088623
Sum: 2.7465195655822754
BuildTime: 280.38222392400104
AllTime: 283.1287434895833
Percentage: 0.97
