CalculatingTime: 0.17447495460510254
OrderingTime: 0.01699376106262207
Sum: 0.1914687156677246
BuildTime: 552.2117518583933
AllTime: 552.403220574061
Percentage: 0.03
