CommandTime: 1.1636114120483398
AnalysisTime: 0.010473966598510742
CalculatingTime: 0.2888619899749756
OrderingTime: 0.987102746963501
Sum: 2.450050115585327
BuildTime: 369.4248636563619
AllTime: 371.8749137719472
Percentage: 0.66
