CommandTime: 1.0515668392181396
AnalysisTime: 0.009563684463500977
CalculatingTime: 0.28067708015441895
OrderingTime: 0.23897576332092285
Sum: 1.5807833671569824
BuildTime: 369.0766970316569
AllTime: 370.6574803988139
Percentage: 0.43
