CalculatingTime: 0.17775201797485352
OrderingTime: 0.011139869689941406
Sum: 0.18889188766479492
BuildTime: 429.66283257802326
AllTime: 429.85172446568805
Percentage: 0.04
