CommandTime: 1.1730883121490479
AnalysisTime: 0.010634422302246094
CalculatingTime: 0.27401113510131836
OrderingTime: 1.7583820819854736
Sum: 3.216115951538086
BuildTime: 304.0464578469594
AllTime: 307.2625737984975
Percentage: 1.05
