CalculatingTime: 0.18535590171813965
OrderingTime: 0.020327091217041016
Sum: 0.20568299293518066
BuildTime: 584.9453028837839
AllTime: 585.1509858767191
Percentage: 0.04
