CalculatingTime: 0.16267943382263184
OrderingTime: 0.009443283081054688
Sum: 0.17212271690368652
BuildTime: 578.8780153592428
AllTime: 579.0501380761465
Percentage: 0.03
