CalculatingTime: 0.18871068954467773
OrderingTime: 0.013497352600097656
Sum: 0.2022080421447754
BuildTime: 610.2420100371043
AllTime: 610.444218079249
Percentage: 0.03
