CalculatingTime: 0.16249418258666992
OrderingTime: 0.01117563247680664
Sum: 0.17366981506347656
BuildTime: 321.7269953886668
AllTime: 321.9006652037303
Percentage: 0.05
