CommandTime: 1.080019235610962
AnalysisTime: 0.010139703750610352
CalculatingTime: 0.28174757957458496
OrderingTime: 0.954970121383667
Sum: 2.326876640319824
BuildTime: 195.62498863538107
AllTime: 197.9518652757009
Percentage: 1.18
