CalculatingTime: 0.18176794052124023
OrderingTime: 0.013579845428466797
Sum: 0.19534778594970703
BuildTime: 379.65753412246704
AllTime: 379.85288190841675
Percentage: 0.05
