CalculatingTime: 0.18189573287963867
OrderingTime: 0.014398813247680664
Sum: 0.19629454612731934
BuildTime: 454.8067174752553
AllTime: 455.00301202138263
Percentage: 0.04
