CommandTime: 1.0895531177520752
AnalysisTime: 0.009920358657836914
CalculatingTime: 0.31871604919433594
OrderingTime: 2.222019672393799
Sum: 3.640209197998047
BuildTime: 273.655446211497
AllTime: 277.29565540949505
Percentage: 1.31
