CommandTime: 1.0433759689331055
AnalysisTime: 0.009757041931152344
CalculatingTime: 0.2770707607269287
OrderingTime: 0.7726521492004395
Sum: 2.102855920791626
BuildTime: 335.1495907306671
AllTime: 337.25244665145874
Percentage: 0.62
