CommandTime: 1.038539171218872
AnalysisTime: 0.009807109832763672
CalculatingTime: 0.30266356468200684
OrderingTime: 0.4076511859893799
Sum: 1.7586610317230225
BuildTime: 285.1926352183024
AllTime: 286.95129625002545
Percentage: 0.61
