CommandTime: 1.0448720455169678
AnalysisTime: 0.010180950164794922
CalculatingTime: 0.2813551425933838
OrderingTime: 0.3472411632537842
Sum: 1.6836493015289307
BuildTime: 269.55192319552106
AllTime: 271.23557249705
Percentage: 0.62
