CommandTime: 1.0999653339385986
AnalysisTime: 0.010228633880615234
CalculatingTime: 0.287353515625
OrderingTime: 1.6361379623413086
Sum: 3.0336854457855225
BuildTime: 361.0113133589427
AllTime: 364.0449988047282
Percentage: 0.83
