CalculatingTime: 0.19489789009094238
OrderingTime: 0.02095508575439453
Sum: 0.21585297584533691
BuildTime: 503.52816367149353
AllTime: 503.74401664733887
Percentage: 0.04
