CommandTime: 1.1337347030639648
AnalysisTime: 0.010299205780029297
CalculatingTime: 0.29158592224121094
OrderingTime: 0.8986732959747314
Sum: 2.3342931270599365
BuildTime: 335.1352418263753
AllTime: 337.46953495343524
Percentage: 0.69
