CalculatingTime: 0.157958984375
OrderingTime: 0.017205238342285156
Sum: 0.17516422271728516
BuildTime: 563.2457764148712
AllTime: 563.4209406375885
Percentage: 0.03
