CommandTime: 1.1000444889068604
AnalysisTime: 0.010507822036743164
CalculatingTime: 0.3054351806640625
OrderingTime: 0.2710280418395996
Sum: 1.6870155334472656
BuildTime: 331.59743515650433
AllTime: 333.2844506899516
Percentage: 0.51
