CalculatingTime: 0.19591808319091797
OrderingTime: 0.015122652053833008
Sum: 0.21104073524475098
BuildTime: 510.9219700495402
AllTime: 511.133010784785
Percentage: 0.04
