CommandTime: 1.1769640445709229
AnalysisTime: 0.010538339614868164
CalculatingTime: 0.3071291446685791
OrderingTime: 1.7297465801239014
Sum: 3.2243781089782715
BuildTime: 251.21303415298462
AllTime: 254.4374122619629
Percentage: 1.27
