CalculatingTime: 0.16353607177734375
OrderingTime: 0.013639211654663086
Sum: 0.17717528343200684
BuildTime: 419.4726422627767
AllTime: 419.6498175462087
Percentage: 0.04
