CommandTime: 1.1302838325500488
AnalysisTime: 0.010251522064208984
CalculatingTime: 0.3173820972442627
OrderingTime: 0.8507297039031982
Sum: 2.3086471557617188
BuildTime: 379.98592646916705
AllTime: 382.2945736249288
Percentage: 0.6
