CalculatingTime: 0.1585381031036377
OrderingTime: 0.011759757995605469
Sum: 0.17029786109924316
BuildTime: 605.2447285652161
AllTime: 605.4150264263153
Percentage: 0.03
