CommandTime: 1.038635492324829
AnalysisTime: 0.010089397430419922
CalculatingTime: 0.28440356254577637
OrderingTime: 0.4061899185180664
Sum: 1.7393183708190918
BuildTime: 344.77996555964154
AllTime: 346.51928393046063
Percentage: 0.5
