CommandTime: 1.1104450225830078
AnalysisTime: 0.010559320449829102
CalculatingTime: 0.28979969024658203
OrderingTime: 1.5640010833740234
Sum: 2.9748051166534424
BuildTime: 256.7000205516815
AllTime: 259.67482566833496
Percentage: 1.15
