CalculatingTime: 0.16918134689331055
OrderingTime: 0.019257307052612305
Sum: 0.18843865394592285
BuildTime: 659.3980731964111
AllTime: 659.586511850357
Percentage: 0.03
