CalculatingTime: 0.189985990524292
OrderingTime: 0.01571512222290039
Sum: 0.20570111274719238
BuildTime: 548.6285477479299
AllTime: 548.8342488606771
Percentage: 0.04
