CalculatingTime: 26.646013498306274
OrderingTime: 1.2439720630645752
Sum: 27.88998556137085
BuildTime: 10737.157760063807
AllTime: 10765.047745625177
Percentage: 0.26
