CalculatingTime: 25.510072469711304
OrderingTime: 1.191037654876709
Sum: 26.701110124588013
BuildTime: 13419.221723159155
AllTime: 13445.922833283743
Percentage: 0.2
