CalculatingTime: 25.85202670097351
OrderingTime: 1.195399284362793
Sum: 27.047425985336304
BuildTime: 13254.335728406906
AllTime: 13281.383154392242
Percentage: 0.2
