CalculatingTime: 26.232036590576172
OrderingTime: 1.18753981590271
Sum: 27.419576406478882
BuildTime: 12527.239006519318
AllTime: 12554.658582925797
Percentage: 0.22
