CalculatingTime: 26.83912968635559
OrderingTime: 1.2232277393341064
Sum: 28.062357425689697
BuildTime: 14414.41395775477
AllTime: 14442.47631518046
Percentage: 0.19
