CalculatingTime: 27.00036120414734
OrderingTime: 1.2349936962127686
Sum: 28.235354900360107
BuildTime: 13987.576745986938
AllTime: 14015.812100887299
Percentage: 0.2
