CalculatingTime: 25.876400470733643
OrderingTime: 1.2258272171020508
Sum: 27.102227687835693
BuildTime: 14333.204213062922
AllTime: 14360.306440750757
Percentage: 0.19
