CalculatingTime: 26.533072233200073
OrderingTime: 1.2656948566436768
Sum: 27.79876708984375
BuildTime: 11786.746963818869
AllTime: 11814.545730908712
Percentage: 0.24
