CommandTime: 11.858318328857422
AnalysisTime: 0.8600451946258545
CalculatingTime: 47.72882318496704
OrderingTime: 0.3059713840484619
Sum: 60.75315809249878
BuildTime: 10275.073141813278
AllTime: 10335.826299905777
Percentage: 0.59
