CommandTime: 12.596003293991089
AnalysisTime: 0.8597183227539062
CalculatingTime: 46.717159271240234
OrderingTime: 0.4526498317718506
Sum: 60.62553071975708
BuildTime: 12534.348064104715
AllTime: 12594.973594824472
Percentage: 0.48
