CalculatingTime: 26.355107307434082
OrderingTime: 1.2265489101409912
Sum: 27.581656217575073
BuildTime: 10477.727948745092
AllTime: 10505.309604962667
Percentage: 0.26
