CalculatingTime: 26.323604345321655
OrderingTime: 1.2838385105133057
Sum: 27.60744285583496
BuildTime: 13270.93076213201
AllTime: 13298.538204987844
Percentage: 0.21
