CommandTime: 11.267808437347412
AnalysisTime: 0.8406851291656494
CalculatingTime: 46.75644540786743
OrderingTime: 0.40659332275390625
Sum: 59.2715322971344
BuildTime: 12227.405968507132
AllTime: 12286.677500804266
Percentage: 0.48
