CommandTime: 12.211143255233765
AnalysisTime: 0.8675932884216309
CalculatingTime: 49.776214838027954
OrderingTime: 0.35715723037719727
Sum: 63.21210861206055
BuildTime: 12085.632612387339
AllTime: 12148.8447209994
Percentage: 0.52
