CommandTime: 12.624826908111572
AnalysisTime: 0.8602867126464844
CalculatingTime: 47.79276180267334
OrderingTime: 0.2742271423339844
Sum: 61.55210256576538
BuildTime: 14613.264954487482
AllTime: 14674.817057053247
Percentage: 0.42
