CalculatingTime: 26.154825687408447
OrderingTime: 1.2503788471221924
Sum: 27.40520453453064
BuildTime: 11315.577607631683
AllTime: 11342.982812166214
Percentage: 0.24
