CommandTime: 12.024903774261475
AnalysisTime: 0.8530440330505371
CalculatingTime: 48.93269872665405
OrderingTime: 2.2856554985046387
Sum: 64.0963020324707
BuildTime: 11129.179502010345
AllTime: 11193.275804042816
Percentage: 0.57
