CalculatingTime: 26.386985301971436
OrderingTime: 1.1804115772247314
Sum: 27.567396879196167
BuildTime: 16037.716863473257
AllTime: 16065.284260352453
Percentage: 0.17
