CommandTime: 11.796111822128296
AnalysisTime: 0.8251595497131348
CalculatingTime: 46.902592420578
OrderingTime: 0.22503256797790527
Sum: 59.74889636039734
BuildTime: 14536.348872502645
AllTime: 14596.097768863043
Percentage: 0.41
