CalculatingTime: 25.872619152069092
OrderingTime: 1.2166309356689453
Sum: 27.089250087738037
BuildTime: 12909.353859504065
AllTime: 12936.443109591803
Percentage: 0.21
