CommandTime: 12.932446241378784
AnalysisTime: 0.868304967880249
CalculatingTime: 49.9561026096344
OrderingTime: 0.45603203773498535
Sum: 64.21288585662842
BuildTime: 14537.08767580986
AllTime: 14601.300561666489
Percentage: 0.44
