CommandTime: 13.102257490158081
AnalysisTime: 0.8558382987976074
CalculatingTime: 50.366392612457275
OrderingTime: 0.5444352626800537
Sum: 64.86892366409302
BuildTime: 13995.659799814224
AllTime: 14060.528723478317
Percentage: 0.46
