CalculatingTime: 26.511407136917114
OrderingTime: 1.2455477714538574
Sum: 27.75695490837097
BuildTime: 10356.379379351934
AllTime: 10384.136334260305
Percentage: 0.27
