CalculatingTime: 26.028385639190674
OrderingTime: 1.2361347675323486
Sum: 27.264520406723022
BuildTime: 13008.286241134008
AllTime: 13035.550761540731
Percentage: 0.21
