CalculatingTime: 26.9165141582489
OrderingTime: 1.2222566604614258
Sum: 28.138770818710327
BuildTime: 12740.713439702988
AllTime: 12768.852210521698
Percentage: 0.22
