CommandTime: 12.576359033584595
AnalysisTime: 0.8451805114746094
CalculatingTime: 48.09681034088135
OrderingTime: 0.2929255962371826
Sum: 61.811275482177734
BuildTime: 12835.29414486885
AllTime: 12897.105420351028
Percentage: 0.48
