CommandTime: 11.56372618675232
AnalysisTime: 0.8175365924835205
CalculatingTime: 49.71423292160034
OrderingTime: 0.33623695373535156
Sum: 62.43173265457153
BuildTime: 13082.51739303271
AllTime: 13144.94912568728
Percentage: 0.47
