CommandTime: 11.09667181968689
AnalysisTime: 0.8124392032623291
CalculatingTime: 46.11826467514038
OrderingTime: 0.26338791847229004
Sum: 58.29076361656189
BuildTime: 13382.801513989767
AllTime: 13441.092277606329
Percentage: 0.43
