CommandTime: 12.073907375335693
AnalysisTime: 0.8593235015869141
CalculatingTime: 47.58694863319397
OrderingTime: 0.30260157585144043
Sum: 60.82278108596802
BuildTime: 10502.53221821785
AllTime: 10563.354999303818
Percentage: 0.58
