CalculatingTime: 26.37215542793274
OrderingTime: 1.2699975967407227
Sum: 27.642153024673462
BuildTime: 9652.031245311102
AllTime: 9679.673398335775
Percentage: 0.29
