CommandTime: 12.828240156173706
AnalysisTime: 0.835963249206543
CalculatingTime: 49.52917742729187
OrderingTime: 0.21524858474731445
Sum: 63.408629417419434
BuildTime: 14483.359066883722
AllTime: 14546.767696301142
Percentage: 0.44
