CommandTime: 11.743388175964355
AnalysisTime: 0.8482682704925537
CalculatingTime: 50.67684078216553
OrderingTime: 0.36055445671081543
Sum: 63.62905168533325
BuildTime: 9610.991617282232
AllTime: 9674.620668967566
Percentage: 0.66
