CommandTime: 10.763838291168213
AnalysisTime: 0.8638250827789307
CalculatingTime: 49.271350622177124
OrderingTime: 0.12956714630126953
Sum: 61.02858114242554
BuildTime: 9596.213314533234
AllTime: 9657.24189567566
Percentage: 0.63
