CommandTime: 12.444580316543579
AnalysisTime: 0.8464932441711426
CalculatingTime: 46.8884220123291
OrderingTime: 0.3153691291809082
Sum: 60.49486470222473
BuildTime: 11894.229582945505
AllTime: 11954.72444764773
Percentage: 0.51
