CalculatingTime: 25.95499348640442
OrderingTime: 1.1576056480407715
Sum: 27.11259913444519
BuildTime: 15641.991708834967
AllTime: 15669.104307969412
Percentage: 0.17
