CalculatingTime: 25.88749384880066
OrderingTime: 1.2269973754882812
Sum: 27.11449122428894
BuildTime: 14078.372795422873
AllTime: 14105.487286647161
Percentage: 0.19
