CalculatingTime: 26.340978145599365
OrderingTime: 1.225670576095581
Sum: 27.566648721694946
BuildTime: 12499.588062524796
AllTime: 12527.15471124649
Percentage: 0.22
