CommandTime: 10.762749433517456
AnalysisTime: 0.8376998901367188
CalculatingTime: 47.47357535362244
OrderingTime: 0.10953187942504883
Sum: 59.18355655670166
BuildTime: 10688.188802957535
AllTime: 10747.372359514236
Percentage: 0.55
