CalculatingTime: 26.00908637046814
OrderingTime: 1.1963951587677002
Sum: 27.20548152923584
BuildTime: 11625.954464435577
AllTime: 11653.159945964813
Percentage: 0.23
