CommandTime: 12.741734504699707
AnalysisTime: 0.8684570789337158
CalculatingTime: 50.07253551483154
OrderingTime: 0.4278426170349121
Sum: 64.11056971549988
BuildTime: 12426.13436349233
AllTime: 12490.24493320783
Percentage: 0.51
