CommandTime: 11.010262250900269
AnalysisTime: 0.8383650779724121
CalculatingTime: 47.345078229904175
OrderingTime: 0.31177711486816406
Sum: 59.50548267364502
BuildTime: 10579.446491718292
AllTime: 10638.951974391937
Percentage: 0.56
