CalculatingTime: 26.1961829662323
OrderingTime: 1.2938294410705566
Sum: 27.490012407302856
BuildTime: 12977.606745402018
AllTime: 13005.09675780932
Percentage: 0.21
