CommandTime: 11.614556789398193
AnalysisTime: 0.8220264911651611
CalculatingTime: 48.28254556655884
OrderingTime: 0.15628290176391602
Sum: 60.87541174888611
BuildTime: 14751.511685371399
AllTime: 14812.387097120285
Percentage: 0.41
