CalculatingTime: 26.609148740768433
OrderingTime: 1.280456304550171
Sum: 27.889605045318604
BuildTime: 13951.23844909668
AllTime: 13979.128054141998
Percentage: 0.2
