CommandTime: 12.181589841842651
AnalysisTime: 0.8692052364349365
CalculatingTime: 46.99189782142639
OrderingTime: 0.09921836853027344
Sum: 60.14191126823425
BuildTime: 12241.372091213861
AllTime: 12301.514002482096
Percentage: 0.49
