CalculatingTime: 27.025312662124634
OrderingTime: 1.2698025703430176
Sum: 28.29511523246765
BuildTime: 10729.137674729029
AllTime: 10757.432789961496
Percentage: 0.26
