CommandTime: 11.1343994140625
AnalysisTime: 0.8086843490600586
CalculatingTime: 46.55022048950195
OrderingTime: 0.18981480598449707
Sum: 58.68311905860901
BuildTime: 12879.95887796084
AllTime: 12938.64199701945
Percentage: 0.45
