CommandTime: 11.476149320602417
AnalysisTime: 0.8082749843597412
CalculatingTime: 47.24392032623291
OrderingTime: 0.4275674819946289
Sum: 59.9559121131897
BuildTime: 13843.042462587357
AllTime: 13902.998374700546
Percentage: 0.43
