CommandTime: 11.092342138290405
AnalysisTime: 0.8204677104949951
CalculatingTime: 46.69295787811279
OrderingTime: 0.1585683822631836
Sum: 58.76433610916138
BuildTime: 11589.175502459208
AllTime: 11647.939838568369
Percentage: 0.5
