CommandTime: 11.641541242599487
AnalysisTime: 0.8203291893005371
CalculatingTime: 50.33288788795471
OrderingTime: 0.06566214561462402
Sum: 62.86042046546936
BuildTime: 13783.870315472284
AllTime: 13846.730735937754
Percentage: 0.45
