CommandTime: 12.151454448699951
AnalysisTime: 0.8477797508239746
CalculatingTime: 46.14398694038391
OrderingTime: 0.2424335479736328
Sum: 59.38565468788147
BuildTime: 10459.044583717981
AllTime: 10518.430238405863
Percentage: 0.56
