CalculatingTime: 26.435736179351807
OrderingTime: 1.234926462173462
Sum: 27.67066264152527
BuildTime: 12242.893514871597
AllTime: 12270.564177513123
Percentage: 0.23
