CommandTime: 12.573951721191406
AnalysisTime: 0.8519306182861328
CalculatingTime: 47.7263708114624
OrderingTime: 0.18790745735168457
Sum: 61.340160608291626
BuildTime: 13340.580355962118
AllTime: 13401.92051657041
Percentage: 0.46
