CommandTime: 11.49229621887207
AnalysisTime: 0.8286879062652588
CalculatingTime: 48.12539339065552
OrderingTime: 0.5136404037475586
Sum: 60.960017919540405
BuildTime: 12545.30984377861
AllTime: 12606.26986169815
Percentage: 0.48
