CalculatingTime: 26.48970317840576
OrderingTime: 1.2352521419525146
Sum: 27.724955320358276
BuildTime: 12189.122615416845
AllTime: 12216.847570737204
Percentage: 0.23
