CalculatingTime: 25.608787059783936
OrderingTime: 1.2031514644622803
Sum: 26.811938524246216
BuildTime: 11127.88577135404
AllTime: 11154.697709878286
Percentage: 0.24
