CalculatingTime: 25.54442262649536
OrderingTime: 1.2135164737701416
Sum: 26.757939100265503
BuildTime: 9712.543799638748
AllTime: 9739.301738739014
Percentage: 0.27
