CommandTime: 11.457429647445679
AnalysisTime: 0.7995598316192627
CalculatingTime: 48.49067950248718
OrderingTime: 0.6637787818908691
Sum: 61.41144776344299
BuildTime: 11980.815649827322
AllTime: 12042.227097590765
Percentage: 0.51
