CalculatingTime: 26.63873052597046
OrderingTime: 1.2767610549926758
Sum: 27.915491580963135
BuildTime: 15059.627271572748
AllTime: 15087.542763153711
Percentage: 0.19
