CalculatingTime: 25.584304571151733
OrderingTime: 1.2246651649475098
Sum: 26.808969736099243
BuildTime: 13472.863708178202
AllTime: 13499.672677914301
Percentage: 0.2
