CommandTime: 10.731135368347168
AnalysisTime: 0.8121910095214844
CalculatingTime: 47.692599058151245
OrderingTime: 1.4064395427703857
Sum: 60.64236497879028
BuildTime: 10369.976642847061
AllTime: 10430.619007825851
Percentage: 0.58
