CommandTime: 11.936191320419312
AnalysisTime: 0.8065023422241211
CalculatingTime: 46.87665581703186
OrderingTime: 0.5659098625183105
Sum: 60.1852593421936
BuildTime: 16045.161024649939
AllTime: 16105.346283992132
Percentage: 0.37
