CalculatingTime: 26.49849534034729
OrderingTime: 1.2237253189086914
Sum: 27.72222065925598
BuildTime: 14557.783807357153
AllTime: 14585.506028016409
Percentage: 0.19
