CalculatingTime: 25.54221272468567
OrderingTime: 1.2529349327087402
Sum: 26.79514765739441
BuildTime: 12659.270410458246
AllTime: 12686.06555811564
Percentage: 0.21
