CalculatingTime: 3.8547494411468506
OrderingTime: 0.18145155906677246
Sum: 4.036201000213623
BuildTime: 66.47356955210368
AllTime: 70.5097705523173
Percentage: 5.72
