CalculatingTime: 3.762355089187622
OrderingTime: 0.16633200645446777
Sum: 3.92868709564209
BuildTime: 52.44750761985779
AllTime: 56.37619471549988
Percentage: 6.97
