CommandTime: 1.8272559642791748
AnalysisTime: 0.12461733818054199
CalculatingTime: 8.01032567024231
OrderingTime: 0.2535367012023926
Sum: 10.215735673904419
BuildTime: 70.1013704140981
AllTime: 80.31710608800252
Percentage: 12.72
