CalculatingTime: 3.6173698902130127
OrderingTime: 0.1816086769104004
Sum: 3.798978567123413
BuildTime: 74.10029212633769
AllTime: 77.8992706934611
Percentage: 4.88
