CommandTime: 1.7403137683868408
AnalysisTime: 0.11419177055358887
CalculatingTime: 7.947364568710327
OrderingTime: 0.08881783485412598
Sum: 9.890687942504883
BuildTime: 52.48329838116964
AllTime: 62.37398632367453
Percentage: 15.86
