CommandTime: 1.7638838291168213
AnalysisTime: 0.12353348731994629
CalculatingTime: 7.833441734313965
OrderingTime: 0.09343838691711426
Sum: 9.814297437667847
BuildTime: 62.06537397702535
AllTime: 71.8796714146932
Percentage: 13.65
