CalculatingTime: 3.570430278778076
OrderingTime: 0.16878080368041992
Sum: 3.739211082458496
BuildTime: 70.34724791844685
AllTime: 74.08645900090535
Percentage: 5.05
