CalculatingTime: 3.7490177154541016
OrderingTime: 0.17871499061584473
Sum: 3.9277327060699463
BuildTime: 66.4599260489146
AllTime: 70.38765875498454
Percentage: 5.58
