CalculatingTime: 3.7242679595947266
OrderingTime: 0.1644420623779297
Sum: 3.8887100219726562
BuildTime: 66.01218263308208
AllTime: 69.90089265505473
Percentage: 5.56
