CommandTime: 1.922943353652954
AnalysisTime: 0.12508320808410645
CalculatingTime: 7.290603876113892
OrderingTime: 0.1351916790008545
Sum: 9.473822116851807
BuildTime: 67.31753317515056
AllTime: 76.79135529200236
Percentage: 12.34
