CalculatingTime: 3.6011452674865723
OrderingTime: 0.1747133731842041
Sum: 3.7758586406707764
BuildTime: 69.41425077120464
AllTime: 73.19010941187541
Percentage: 5.16
