CommandTime: 1.8131768703460693
AnalysisTime: 0.12835359573364258
CalculatingTime: 7.844405174255371
OrderingTime: 0.3286137580871582
Sum: 10.114549398422241
BuildTime: 73.42146341005962
AllTime: 83.53601280848186
Percentage: 12.11
