CalculatingTime: 3.7036173343658447
OrderingTime: 0.17170143127441406
Sum: 3.875318765640259
BuildTime: 52.07844050725301
AllTime: 55.95375927289327
Percentage: 6.93
