CommandTime: 1.9352076053619385
AnalysisTime: 0.12420511245727539
CalculatingTime: 7.226118326187134
OrderingTime: 0.09420299530029297
Sum: 9.37973403930664
BuildTime: 51.302018801371254
AllTime: 60.68175284067789
Percentage: 15.46
