CommandTime: 1.9305436611175537
AnalysisTime: 0.12798523902893066
CalculatingTime: 7.735493183135986
OrderingTime: 0.1520671844482422
Sum: 9.946089267730713
BuildTime: 51.983248710632324
AllTime: 61.92933797836304
Percentage: 16.06
