CalculatingTime: 3.7355141639709473
OrderingTime: 0.16920757293701172
Sum: 3.904721736907959
BuildTime: 61.13711126645406
AllTime: 65.04183300336203
Percentage: 6.0
