CalculatingTime: 3.736518144607544
OrderingTime: 0.1752312183380127
Sum: 3.9117493629455566
BuildTime: 51.624564250310264
AllTime: 55.53631361325582
Percentage: 7.04
