CommandTime: 1.9103631973266602
AnalysisTime: 0.12453055381774902
CalculatingTime: 7.668868064880371
OrderingTime: 0.14328241348266602
Sum: 9.847044229507446
BuildTime: 69.51555744806926
AllTime: 79.3626016775767
Percentage: 12.41
