CommandTime: 1.95918607711792
AnalysisTime: 0.1310594081878662
CalculatingTime: 7.970190763473511
OrderingTime: 0.10665345191955566
Sum: 10.167089700698853
BuildTime: 51.913471142450966
AllTime: 62.08056084314981
Percentage: 16.38
