CalculatingTime: 3.8455393314361572
OrderingTime: 0.18477535247802734
Sum: 4.030314683914185
BuildTime: 73.28063074747722
AllTime: 77.3109454313914
Percentage: 5.21
