CalculatingTime: 3.6394176483154297
OrderingTime: 0.18050813674926758
Sum: 3.8199257850646973
BuildTime: 68.39856735865276
AllTime: 72.21849314371745
Percentage: 5.29
