CalculatingTime: 3.718350887298584
OrderingTime: 0.15398144721984863
Sum: 3.8723323345184326
BuildTime: 73.4107944170634
AllTime: 77.28312675158183
Percentage: 5.01
