CalculatingTime: 3.5643270015716553
OrderingTime: 0.170698881149292
Sum: 3.7350258827209473
BuildTime: 73.2687132358551
AllTime: 77.00373911857605
Percentage: 4.85
