CommandTime: 1.8702483177185059
AnalysisTime: 0.12208271026611328
CalculatingTime: 8.0013747215271
OrderingTime: 0.08498072624206543
Sum: 10.078686475753784
BuildTime: 62.0046219031016
AllTime: 72.08330837885538
Percentage: 13.98
