CommandTime: 1.9471516609191895
AnalysisTime: 0.12916827201843262
CalculatingTime: 7.730761289596558
OrderingTime: 0.08912062644958496
Sum: 9.896201848983765
BuildTime: 52.43906799952189
AllTime: 62.33526984850565
Percentage: 15.88
