CommandTime: 1.8141016960144043
AnalysisTime: 0.11984419822692871
CalculatingTime: 7.557393550872803
OrderingTime: 0.12666964530944824
Sum: 9.618009090423584
BuildTime: 52.30246170361837
AllTime: 61.92047079404196
Percentage: 15.53
