CalculatingTime: 3.9571728706359863
OrderingTime: 0.18276715278625488
Sum: 4.139940023422241
BuildTime: 70.45591115951538
AllTime: 74.59585118293762
Percentage: 5.55
