CommandTime: 1.9622561931610107
AnalysisTime: 0.13467192649841309
CalculatingTime: 7.707655191421509
OrderingTime: 0.04511451721191406
Sum: 9.849697828292847
BuildTime: 69.24356698989868
AllTime: 79.09326481819153
Percentage: 12.45
