CalculatingTime: 3.918994665145874
OrderingTime: 0.18252301216125488
Sum: 4.101517677307129
BuildTime: 52.498865842819214
AllTime: 56.60038352012634
Percentage: 7.25
