CalculatingTime: 3.7359471321105957
OrderingTime: 0.17235684394836426
Sum: 3.90830397605896
BuildTime: 70.28218404452006
AllTime: 74.19048802057902
Percentage: 5.27
