CommandTime: 1.8006973266601562
AnalysisTime: 0.13167309761047363
CalculatingTime: 8.425008296966553
OrderingTime: 0.11989426612854004
Sum: 10.477272987365723
BuildTime: 51.67983476320902
AllTime: 62.15710775057474
Percentage: 16.86
