CalculatingTime: 3.6353604793548584
OrderingTime: 0.16103410720825195
Sum: 3.7963945865631104
BuildTime: 73.89120554924011
AllTime: 77.68760013580322
Percentage: 4.89
