CommandTime: 1.8508775234222412
AnalysisTime: 0.1259617805480957
CalculatingTime: 8.013744592666626
OrderingTime: 0.17353439331054688
Sum: 10.16411828994751
BuildTime: 52.609965324401855
AllTime: 62.774083614349365
Percentage: 16.19
