CalculatingTime: 3.666517972946167
OrderingTime: 0.17144393920898438
Sum: 3.8379619121551514
BuildTime: 71.32736094792683
AllTime: 75.16532286008199
Percentage: 5.11
