CommandTime: 1.7808964252471924
AnalysisTime: 0.1253519058227539
CalculatingTime: 8.22621488571167
OrderingTime: 0.350785493850708
Sum: 10.483248710632324
BuildTime: 60.69041124979655
AllTime: 71.17365996042886
Percentage: 14.73
