CalculatingTime: 3.81839919090271
OrderingTime: 0.17460155487060547
Sum: 3.9930007457733154
BuildTime: 52.04932578404745
AllTime: 56.04232652982076
Percentage: 7.12
