CalculatingTime: 3.8118655681610107
OrderingTime: 0.18973135948181152
Sum: 4.001596927642822
BuildTime: 72.07385055224101
AllTime: 76.07544747988383
Percentage: 5.26
