CalculatingTime: 3.687945604324341
OrderingTime: 0.17806482315063477
Sum: 3.8660104274749756
BuildTime: 52.15945219993591
AllTime: 56.02546262741089
Percentage: 6.9
