CalculatingTime: 3.75836181640625
OrderingTime: 0.17696666717529297
Sum: 3.935328483581543
BuildTime: 71.48322224617004
AllTime: 75.41855072975159
Percentage: 5.22
