CommandTime: 1.9986414909362793
AnalysisTime: 0.12257146835327148
CalculatingTime: 7.328125715255737
OrderingTime: 0.07717490196228027
Sum: 9.526513576507568
BuildTime: 65.81875427563985
AllTime: 75.34526785214742
Percentage: 12.64
