CalculatingTime: 3.531071901321411
OrderingTime: 0.1582489013671875
Sum: 3.6893208026885986
BuildTime: 69.10204847653706
AllTime: 72.79136927922566
Percentage: 5.07
