CommandTime: 1.977099895477295
AnalysisTime: 0.12756848335266113
CalculatingTime: 8.158182621002197
OrderingTime: 0.09008216857910156
Sum: 10.352933168411255
BuildTime: 52.129375537236534
AllTime: 62.482308705647796
Percentage: 16.57
