CommandTime: 1.9062492847442627
AnalysisTime: 0.12549495697021484
CalculatingTime: 7.751970291137695
OrderingTime: 0.13984084129333496
Sum: 9.923555374145508
BuildTime: 65.613467613856
AllTime: 75.53702298800151
Percentage: 13.14
