CommandTime: 1.7619879245758057
AnalysisTime: 0.1200108528137207
CalculatingTime: 7.474120378494263
OrderingTime: 0.11957669258117676
Sum: 9.475695848464966
BuildTime: 52.08914748827616
AllTime: 61.56484333674112
Percentage: 15.39
