CalculatingTime: 3.749572992324829
OrderingTime: 0.17233538627624512
Sum: 3.921908378601074
BuildTime: 70.52548877398173
AllTime: 74.44739715258281
Percentage: 5.27
