CalculatingTime: 3.499168634414673
OrderingTime: 0.1642138957977295
Sum: 3.6633825302124023
BuildTime: 52.5328475634257
AllTime: 56.1962300936381
Percentage: 6.52
