CommandTime: 1.8762047290802002
AnalysisTime: 0.12561368942260742
CalculatingTime: 7.924442768096924
OrderingTime: 0.1327972412109375
Sum: 10.059058427810669
BuildTime: 52.01797620455424
AllTime: 62.0770346323649
Percentage: 16.2
