CommandTime: 1.9611680507659912
AnalysisTime: 0.13330793380737305
CalculatingTime: 7.311197519302368
OrderingTime: 0.05993247032165527
Sum: 9.465605974197388
BuildTime: 70.55915506680806
AllTime: 80.02476104100545
Percentage: 11.83
