CalculatingTime: 3.6239893436431885
OrderingTime: 0.1718149185180664
Sum: 3.795804262161255
BuildTime: 70.17704510688782
AllTime: 73.97284936904907
Percentage: 5.13
