CalculatingTime: 3.886721134185791
OrderingTime: 0.17299938201904297
Sum: 4.059720516204834
BuildTime: 65.24950710932414
AllTime: 69.30922762552898
Percentage: 5.86
