CalculatingTime: 3.7606852054595947
OrderingTime: 0.17349958419799805
Sum: 3.9341847896575928
BuildTime: 70.7720251083374
AllTime: 74.706209897995
Percentage: 5.27
