CommandTime: 1.9425599575042725
AnalysisTime: 0.12719440460205078
CalculatingTime: 7.242122650146484
OrderingTime: 0.3102688789367676
Sum: 9.622145891189575
BuildTime: 68.60190550486247
AllTime: 78.22405139605205
Percentage: 12.3
