CommandTime: 1.828479528427124
AnalysisTime: 0.1280348300933838
CalculatingTime: 8.052107572555542
OrderingTime: 0.08589720726013184
Sum: 10.094519138336182
BuildTime: 52.041550079981484
AllTime: 62.13606921831766
Percentage: 16.25
