CommandTime: 1.8484885692596436
AnalysisTime: 0.12776875495910645
CalculatingTime: 8.232921600341797
OrderingTime: 0.5022745132446289
Sum: 10.711453437805176
BuildTime: 52.04304893811544
AllTime: 62.75450237592062
Percentage: 17.07
