CommandTime: 1.8473858833312988
AnalysisTime: 0.12757182121276855
CalculatingTime: 8.25483751296997
OrderingTime: 0.06151247024536133
Sum: 10.2913076877594
BuildTime: 67.98005334536235
AllTime: 78.27136103312175
Percentage: 13.15
