CommandTime: 1.7837929725646973
AnalysisTime: 0.12015962600708008
CalculatingTime: 8.038100481033325
OrderingTime: 0.08131718635559082
Sum: 10.023370265960693
BuildTime: 52.684073527654014
AllTime: 62.707443793614715
Percentage: 15.98
