CommandTime: 1.9944989681243896
AnalysisTime: 0.12411975860595703
CalculatingTime: 7.515347719192505
OrderingTime: 0.04129767417907715
Sum: 9.675264120101929
BuildTime: 66.66048550605774
AllTime: 76.33574962615967
Percentage: 12.67
