CommandTime: 1.9540519714355469
AnalysisTime: 0.1316690444946289
CalculatingTime: 7.493114233016968
OrderingTime: 0.292510986328125
Sum: 9.871346235275269
BuildTime: 69.1081891854604
AllTime: 78.97953542073567
Percentage: 12.5
