CalculatingTime: 3.782064199447632
OrderingTime: 0.18081045150756836
Sum: 3.9628746509552
BuildTime: 69.26472194989522
AllTime: 73.22759660085042
Percentage: 5.41
