CommandTime: 1.8367671966552734
AnalysisTime: 0.12553191184997559
CalculatingTime: 8.003753185272217
OrderingTime: 0.2487621307373047
Sum: 10.21481442451477
BuildTime: 51.82770252227783
AllTime: 62.0425169467926
Percentage: 16.46
