CommandTime: 1.8145945072174072
AnalysisTime: 0.12890028953552246
CalculatingTime: 8.339767217636108
OrderingTime: 0.10845375061035156
Sum: 10.39171576499939
BuildTime: 66.07983040809631
AllTime: 76.4715461730957
Percentage: 13.59
