CommandTime: 1.8283395767211914
AnalysisTime: 0.12042117118835449
CalculatingTime: 7.896798849105835
OrderingTime: 0.08368277549743652
Sum: 9.929242372512817
BuildTime: 64.7557958761851
AllTime: 74.68503824869792
Percentage: 13.29
