CalculatingTime: 3.7591495513916016
OrderingTime: 0.1810917854309082
Sum: 3.9402413368225098
BuildTime: 71.36940964063008
AllTime: 75.30965097745259
Percentage: 5.23
