CalculatingTime: 3.620051860809326
OrderingTime: 0.17579412460327148
Sum: 3.7958459854125977
BuildTime: 64.54044230779012
AllTime: 68.33628829320271
Percentage: 5.55
