CalculatingTime: 0.6051428318023682
OrderingTime: 0.05151486396789551
Sum: 0.6566576957702637
BuildTime: 1320.4216663837433
AllTime: 1321.0783240795135
Percentage: 0.05
