CalculatingTime: 1.3700482845306396
OrderingTime: 0.08332228660583496
Sum: 1.4533705711364746
BuildTime: 1331.764876127243
AllTime: 1333.2182466983795
Percentage: 0.11
