CalculatingTime: 1.2359726428985596
OrderingTime: 0.1161186695098877
Sum: 1.3520913124084473
BuildTime: 1294.2337062358856
AllTime: 1295.585797548294
Percentage: 0.1
