CalculatingTime: 1.2421042919158936
OrderingTime: 0.004233360290527344
Sum: 1.246337652206421
BuildTime: 1389.174372434616
AllTime: 1390.4207100868225
Percentage: 0.09
