CalculatingTime: 1.2459185123443604
OrderingTime: 0.04205441474914551
Sum: 1.2879729270935059
BuildTime: 1367.750655412674
AllTime: 1369.0386283397675
Percentage: 0.09
