CalculatingTime: 1.3616580963134766
OrderingTime: 0.00020384788513183594
Sum: 1.3618619441986084
BuildTime: 1320.9333925247192
AllTime: 1322.2952544689178
Percentage: 0.1
