CalculatingTime: 1.3052973747253418
OrderingTime: 0.00021195411682128906
Sum: 1.305509328842163
BuildTime: 1430.8739597797394
AllTime: 1432.1794691085815
Percentage: 0.09
