CommandTime: 0.31080102920532227
AnalysisTime: 0.02587604522705078
CalculatingTime: 1.2710328102111816
OrderingTime: 0.04586386680603027
Sum: 1.653573751449585
BuildTime: 1321.832188129425
AllTime: 1323.4857618808746
Percentage: 0.12
