CalculatingTime: 0.548231840133667
OrderingTime: 0.036188602447509766
Sum: 0.5844204425811768
BuildTime: 1366.2752463817596
AllTime: 1366.8596668243408
Percentage: 0.04
