CalculatingTime: 1.2982587814331055
OrderingTime: 0.07931208610534668
Sum: 1.3775708675384521
BuildTime: 1318.9160063266754
AllTime: 1320.2935771942139
Percentage: 0.1
