CalculatingTime: 0.5571660995483398
OrderingTime: 0.03624153137207031
Sum: 0.5934076309204102
BuildTime: 1473.457186460495
AllTime: 1474.0505940914154
Percentage: 0.04
