CalculatingTime: 0.5504961013793945
OrderingTime: 0.1436610221862793
Sum: 0.6941571235656738
BuildTime: 1458.180683851242
AllTime: 1458.8748409748077
Percentage: 0.05
