CalculatingTime: 1.3490750789642334
OrderingTime: 0.00020599365234375
Sum: 1.3492810726165771
BuildTime: 1367.8405170440674
AllTime: 1369.189798116684
Percentage: 0.1
