CalculatingTime: 1.2371952533721924
OrderingTime: 0.00022172927856445312
Sum: 1.2374169826507568
BuildTime: 1234.2993657588959
AllTime: 1235.5367827415466
Percentage: 0.1
