CommandTime: 0.31945061683654785
AnalysisTime: 0.024425983428955078
CalculatingTime: 1.1766510009765625
OrderingTime: 0.2148146629333496
Sum: 1.735342264175415
BuildTime: 1339.789300441742
AllTime: 1341.5246427059174
Percentage: 0.13
