CalculatingTime: 1.2367329597473145
OrderingTime: 0.00020265579223632812
Sum: 1.2369356155395508
BuildTime: 1323.1239032745361
AllTime: 1324.3608388900757
Percentage: 0.09
