CommandTime: 0.3016238212585449
AnalysisTime: 0.024278640747070312
CalculatingTime: 1.2273166179656982
OrderingTime: 0.0645902156829834
Sum: 1.6178092956542969
BuildTime: 1326.6522035598755
AllTime: 1328.2700128555298
Percentage: 0.12
