CalculatingTime: 1.2634048461914062
OrderingTime: 0.041176557540893555
Sum: 1.3045814037322998
BuildTime: 1322.0867705345154
AllTime: 1323.3913519382477
Percentage: 0.1
