CommandTime: 0.28809547424316406
AnalysisTime: 0.02351689338684082
CalculatingTime: 1.2269539833068848
OrderingTime: 0.12177777290344238
Sum: 1.660344123840332
BuildTime: 1296.5698292255402
AllTime: 1298.2301733493805
Percentage: 0.13
