CalculatingTime: 0.5574691295623779
OrderingTime: 0.05451035499572754
Sum: 0.6119794845581055
BuildTime: 1334.1699349880219
AllTime: 1334.78191447258
Percentage: 0.05
