CalculatingTime: 0.548741340637207
OrderingTime: 0.11865639686584473
Sum: 0.6673977375030518
BuildTime: 1317.5843498706818
AllTime: 1318.2517476081848
Percentage: 0.05
