CommandTime: 0.30893588066101074
AnalysisTime: 0.023593664169311523
CalculatingTime: 1.3329057693481445
OrderingTime: 0.07937455177307129
Sum: 1.744809865951538
BuildTime: 1317.5633058547974
AllTime: 1319.308115720749
Percentage: 0.13
