CalculatingTime: 1.3225352764129639
OrderingTime: 0.00019931793212890625
Sum: 1.3227345943450928
BuildTime: 1294.8522334098816
AllTime: 1296.1749680042267
Percentage: 0.1
