CalculatingTime: 1.2746071815490723
OrderingTime: 0.00022482872009277344
Sum: 1.274832010269165
BuildTime: 1231.1988253593445
AllTime: 1232.4736573696136
Percentage: 0.1
