CommandTime: 0.3106546401977539
AnalysisTime: 0.023123979568481445
CalculatingTime: 1.2919175624847412
OrderingTime: 0.09001803398132324
Sum: 1.7157142162322998
BuildTime: 1429.2036154270172
AllTime: 1430.9193296432495
Percentage: 0.12
