CommandTime: 0.3147749900817871
AnalysisTime: 0.024789810180664062
CalculatingTime: 1.2603871822357178
OrderingTime: 0.16872191429138184
Sum: 1.7686738967895508
BuildTime: 1380.4403097629547
AllTime: 1382.2089836597443
Percentage: 0.13
