CommandTime: 0.30394673347473145
AnalysisTime: 0.024742603302001953
CalculatingTime: 1.2174310684204102
OrderingTime: 0.07526111602783203
Sum: 1.6213815212249756
BuildTime: 1403.8944308757782
AllTime: 1405.5158123970032
Percentage: 0.12
