CommandTime: 0.2993297576904297
AnalysisTime: 0.024218320846557617
CalculatingTime: 1.1899945735931396
OrderingTime: 0.05716729164123535
Sum: 1.5707099437713623
BuildTime: 1291.9693472385406
AllTime: 1293.540057182312
Percentage: 0.12
