CalculatingTime: 0.5346462726593018
OrderingTime: 0.04311633110046387
Sum: 0.5777626037597656
BuildTime: 1278.164601802826
AllTime: 1278.7423644065857
Percentage: 0.05
