CalculatingTime: 1.2753169536590576
OrderingTime: 0.00023174285888671875
Sum: 1.2755486965179443
BuildTime: 1408.7622873783112
AllTime: 1410.037836074829
Percentage: 0.09
