CalculatingTime: 1.3430190086364746
OrderingTime: 0.00020003318786621094
Sum: 1.3432190418243408
BuildTime: 1328.0708725452423
AllTime: 1329.4140915870667
Percentage: 0.1
