CalculatingTime: 1.2670154571533203
OrderingTime: 0.04205465316772461
Sum: 1.309070110321045
BuildTime: 1362.4983041286469
AllTime: 1363.807374238968
Percentage: 0.1
