CalculatingTime: 1.2170007228851318
OrderingTime: 0.05906796455383301
Sum: 1.2760686874389648
BuildTime: 1297.2630727291107
AllTime: 1298.5391414165497
Percentage: 0.1
