CommandTime: 0.31345033645629883
AnalysisTime: 0.02438807487487793
CalculatingTime: 1.2538697719573975
OrderingTime: 0.08203768730163574
Sum: 1.67374587059021
BuildTime: 1426.9862778186798
AllTime: 1428.66002368927
Percentage: 0.12
