CommandTime: 0.34346985816955566
AnalysisTime: 0.02402353286743164
CalculatingTime: 1.2165985107421875
OrderingTime: 0.04713749885559082
Sum: 1.6312294006347656
BuildTime: 1329.397522687912
AllTime: 1331.0287520885468
Percentage: 0.12
