CalculatingTime: 0.5441422462463379
OrderingTime: 0.2676670551300049
Sum: 0.8118093013763428
BuildTime: 1233.133440732956
AllTime: 1233.9452500343323
Percentage: 0.07
