CalculatingTime: 1.2638461589813232
OrderingTime: 0.00022101402282714844
Sum: 1.2640671730041504
BuildTime: 1365.1905496120453
AllTime: 1366.4546167850494
Percentage: 0.09
