CalculatingTime: 1.2662954330444336
OrderingTime: 0.06485176086425781
Sum: 1.3311471939086914
BuildTime: 1304.0859735012054
AllTime: 1305.4171206951141
Percentage: 0.1
