CalculatingTime: 0.5495707988739014
OrderingTime: 0.055039167404174805
Sum: 0.6046099662780762
BuildTime: 1368.0782194137573
AllTime: 1368.6828293800354
Percentage: 0.04
