CalculatingTime: 0.5579595565795898
OrderingTime: 0.07673406600952148
Sum: 0.6346936225891113
BuildTime: 1323.6963634490967
AllTime: 1324.3310570716858
Percentage: 0.05
