CalculatingTime: 1.2545032501220703
OrderingTime: 0.0044345855712890625
Sum: 1.2589378356933594
BuildTime: 1325.570795059204
AllTime: 1326.8297328948975
Percentage: 0.09
