CommandTime: 0.3193538188934326
AnalysisTime: 0.02431654930114746
CalculatingTime: 1.2790100574493408
OrderingTime: 0.06377482414245605
Sum: 1.686455249786377
BuildTime: 1453.439965724945
AllTime: 1455.1264209747314
Percentage: 0.12
