CommandTime: 0.30669498443603516
AnalysisTime: 0.024697542190551758
CalculatingTime: 1.247046947479248
OrderingTime: 0.10134434700012207
Sum: 1.679783821105957
BuildTime: 1365.1147067546844
AllTime: 1366.7944905757904
Percentage: 0.12
