CalculatingTime: 1.3253657817840576
OrderingTime: 0.00020241737365722656
Sum: 1.3255681991577148
BuildTime: 1391.3255734443665
AllTime: 1392.6511416435242
Percentage: 0.1
