CalculatingTime: 1.2957792282104492
OrderingTime: 0.06429362297058105
Sum: 1.3600728511810303
BuildTime: 1343.5417428016663
AllTime: 1344.9018156528473
Percentage: 0.1
