CalculatingTime: 1.2295351028442383
OrderingTime: 0.08921122550964355
Sum: 1.3187463283538818
BuildTime: 1366.4549734592438
AllTime: 1367.7737197875977
Percentage: 0.1
