CalculatingTime: 0.54575514793396
OrderingTime: 0.041574716567993164
Sum: 0.5873298645019531
BuildTime: 1293.761679649353
AllTime: 1294.349009513855
Percentage: 0.05
