CommandTime: 0.3130497932434082
AnalysisTime: 0.024457216262817383
CalculatingTime: 1.2271928787231445
OrderingTime: 0.09847855567932129
Sum: 1.6631784439086914
BuildTime: 1366.4731690883636
AllTime: 1368.1363475322723
Percentage: 0.12
