CommandTime: 0.31407618522644043
AnalysisTime: 0.02395176887512207
CalculatingTime: 1.2743158340454102
OrderingTime: 0.046277523040771484
Sum: 1.6586213111877441
BuildTime: 1293.9214038848877
AllTime: 1295.5800251960754
Percentage: 0.13
