CalculatingTime: 0.549882173538208
OrderingTime: 0.03653597831726074
Sum: 0.5864181518554688
BuildTime: 1233.3297033309937
AllTime: 1233.9161214828491
Percentage: 0.05
