CalculatingTime: 1.287158727645874
OrderingTime: 0.046868324279785156
Sum: 1.3340270519256592
BuildTime: 1327.5470731258392
AllTime: 1328.881100177765
Percentage: 0.1
