CalculatingTime: 0.5531320571899414
OrderingTime: 0.05994009971618652
Sum: 0.6130721569061279
BuildTime: 1366.5746352672577
AllTime: 1367.1877074241638
Percentage: 0.04
