CalculatingTime: 1.2973828315734863
OrderingTime: 0.00022482872009277344
Sum: 1.297607660293579
BuildTime: 1364.213350057602
AllTime: 1365.5109577178955
Percentage: 0.1
