CalculatingTime: 1.2742419242858887
OrderingTime: 0.00022029876708984375
Sum: 1.2744622230529785
BuildTime: 1318.5619213581085
AllTime: 1319.8363835811615
Percentage: 0.1
