CalculatingTime: 1.3133125305175781
OrderingTime: 0.0002040863037109375
Sum: 1.313516616821289
BuildTime: 1327.7873537540436
AllTime: 1329.1008703708649
Percentage: 0.1
