CalculatingTime: 0.5812900066375732
OrderingTime: 0.04628491401672363
Sum: 0.6275749206542969
BuildTime: 1328.6016454696655
AllTime: 1329.2292203903198
Percentage: 0.05
