CalculatingTime: 1.2976067066192627
OrderingTime: 0.09498810768127441
Sum: 1.392594814300537
BuildTime: 1382.199254989624
AllTime: 1383.5918498039246
Percentage: 0.1
