CalculatingTime: 1.2726020812988281
OrderingTime: 0.0001983642578125
Sum: 1.2728004455566406
BuildTime: 1281.2875971794128
AllTime: 1282.5603976249695
Percentage: 0.1
