CalculatingTime: 1.2540781497955322
OrderingTime: 0.038553714752197266
Sum: 1.2926318645477295
BuildTime: 1405.9003188610077
AllTime: 1407.1929507255554
Percentage: 0.09
