CalculatingTime: 1.208942174911499
OrderingTime: 0.010407209396362305
Sum: 1.2193493843078613
BuildTime: 1233.4063556194305
AllTime: 1234.6257050037384
Percentage: 0.1
