CalculatingTime: 0.5486574172973633
OrderingTime: 0.038019418716430664
Sum: 0.586676836013794
BuildTime: 1330.018691778183
AllTime: 1330.6053686141968
Percentage: 0.04
