CalculatingTime: 1.3300385475158691
OrderingTime: 0.0002117156982421875
Sum: 1.3302502632141113
BuildTime: 1334.2625279426575
AllTime: 1335.5927782058716
Percentage: 0.1
