CalculatingTime: 0.5465962886810303
OrderingTime: 0.0484311580657959
Sum: 0.5950274467468262
BuildTime: 1365.5194458961487
AllTime: 1366.1144733428955
Percentage: 0.04
