CommandTime: 0.30711936950683594
AnalysisTime: 0.023990631103515625
CalculatingTime: 1.351393461227417
OrderingTime: 0.043229103088378906
Sum: 1.7257325649261475
BuildTime: 1325.1648755073547
AllTime: 1326.8906080722809
Percentage: 0.13
