CommandTime: 0.6088299751281738
AnalysisTime: 0.011853933334350586
CalculatingTime: 0.7160556316375732
OrderingTime: 0.18895411491394043
Sum: 1.525693655014038
BuildTime: 2379.731767177582
AllTime: 2381.257460832596
Percentage: 0.06
