CalculatingTime: 0.34507274627685547
OrderingTime: 0.0508880615234375
Sum: 0.39596080780029297
BuildTime: 2379.131836414337
AllTime: 2379.5277972221375
Percentage: 0.02
