CalculatingTime: 1.110306978225708
OrderingTime: 0.0002186298370361328
Sum: 1.1105256080627441
BuildTime: 2356.2062027454376
AllTime: 2357.3167283535004
Percentage: 0.05
