CalculatingTime: 0.8783349990844727
OrderingTime: 0.00021028518676757812
Sum: 0.8785452842712402
BuildTime: 2356.5245866775513
AllTime: 2357.4031319618225
Percentage: 0.04
