CalculatingTime: 0.7357711791992188
OrderingTime: 0.04128384590148926
Sum: 0.777055025100708
BuildTime: 2386.007972240448
AllTime: 2386.7850272655487
Percentage: 0.03
