CommandTime: 0.609076738357544
AnalysisTime: 0.013870954513549805
CalculatingTime: 0.9387691020965576
OrderingTime: 0.11061859130859375
Sum: 1.6723353862762451
BuildTime: 2351.594234228134
AllTime: 2353.2665696144104
Percentage: 0.07
