CommandTime: 0.6242024898529053
AnalysisTime: 0.01372981071472168
CalculatingTime: 0.8862838745117188
OrderingTime: 0.03682708740234375
Sum: 1.5610432624816895
BuildTime: 2394.4689762592316
AllTime: 2396.0300195217133
Percentage: 0.07
