CalculatingTime: 0.32573676109313965
OrderingTime: 0.06735897064208984
Sum: 0.3930957317352295
BuildTime: 2386.0593523979187
AllTime: 2386.452448129654
Percentage: 0.02
