CommandTime: 0.6237809658050537
AnalysisTime: 0.015041112899780273
CalculatingTime: 0.9640164375305176
OrderingTime: 0.08640408515930176
Sum: 1.6892426013946533
BuildTime: 2380.705288171768
AllTime: 2382.394530773163
Percentage: 0.07
