CalculatingTime: 1.096128225326538
OrderingTime: 0.0001964569091796875
Sum: 1.0963246822357178
BuildTime: 2351.449986934662
AllTime: 2352.5463116168976
Percentage: 0.05
