CalculatingTime: 1.3768424987792969
OrderingTime: 0.00020575523376464844
Sum: 1.3770482540130615
BuildTime: 2326.5633232593536
AllTime: 2327.9403715133667
Percentage: 0.06
