CommandTime: 0.6167943477630615
AnalysisTime: 0.014930248260498047
CalculatingTime: 1.069706678390503
OrderingTime: 0.04385995864868164
Sum: 1.7452912330627441
BuildTime: 2359.990079164505
AllTime: 2361.7353703975677
Percentage: 0.07
