CalculatingTime: 0.9733927249908447
OrderingTime: 0.0001964569091796875
Sum: 0.9735891819000244
BuildTime: 2373.586219072342
AllTime: 2374.559808254242
Percentage: 0.04
