CommandTime: 0.6458251476287842
AnalysisTime: 0.01751112937927246
CalculatingTime: 1.1843774318695068
OrderingTime: 0.04799389839172363
Sum: 1.895707607269287
BuildTime: 2332.9171273708344
AllTime: 2334.8128349781036
Percentage: 0.08
