CalculatingTime: 1.1169037818908691
OrderingTime: 0.13878107070922852
Sum: 1.2556848526000977
BuildTime: 2359.2537043094635
AllTime: 2360.5093891620636
Percentage: 0.05
