CommandTime: 0.6205565929412842
AnalysisTime: 0.013545036315917969
CalculatingTime: 0.8727517127990723
OrderingTime: 0.2091538906097412
Sum: 1.7160072326660156
BuildTime: 2387.006462574005
AllTime: 2388.722469806671
Percentage: 0.07
