CalculatingTime: 1.0005955696105957
OrderingTime: 0.06434488296508789
Sum: 1.0649404525756836
BuildTime: 2350.4569849967957
AllTime: 2351.5219254493713
Percentage: 0.05
