CalculatingTime: 0.9110398292541504
OrderingTime: 0.00023126602172851562
Sum: 0.9112710952758789
BuildTime: 2348.1498608589172
AllTime: 2349.061131954193
Percentage: 0.04
