CalculatingTime: 1.3785796165466309
OrderingTime: 0.18363714218139648
Sum: 1.5622167587280273
BuildTime: 2329.4668152332306
AllTime: 2331.0290319919586
Percentage: 0.07
