CommandTime: 0.6294972896575928
AnalysisTime: 0.012710332870483398
CalculatingTime: 0.7846982479095459
OrderingTime: 0.07535505294799805
Sum: 1.5022609233856201
BuildTime: 2357.947416782379
AllTime: 2359.4496777057648
Percentage: 0.06
