CommandTime: 0.621563196182251
AnalysisTime: 0.015851497650146484
CalculatingTime: 1.063283920288086
OrderingTime: 0.14093661308288574
Sum: 1.8416352272033691
BuildTime: 2340.3948187828064
AllTime: 2342.2364540100098
Percentage: 0.08
