CalculatingTime: 0.9803657531738281
OrderingTime: 0.03680062294006348
Sum: 1.0171663761138916
BuildTime: 2391.8013191223145
AllTime: 2392.8184854984283
Percentage: 0.04
