CommandTime: 0.617842435836792
AnalysisTime: 0.013540267944335938
CalculatingTime: 0.9605393409729004
OrderingTime: 0.6183333396911621
Sum: 2.2102553844451904
BuildTime: 2368.9412863254547
AllTime: 2371.1515417099
Percentage: 0.09
