CalculatingTime: 1.1668798923492432
OrderingTime: 0.11970949172973633
Sum: 1.2865893840789795
BuildTime: 2346.0896055698395
AllTime: 2347.3761949539185
Percentage: 0.05
