CalculatingTime: 0.3543989658355713
OrderingTime: 0.05546760559082031
Sum: 0.4098665714263916
BuildTime: 2374.8619525432587
AllTime: 2375.271819114685
Percentage: 0.02
