CalculatingTime: 0.325408935546875
OrderingTime: 0.18414640426635742
Sum: 0.5095553398132324
BuildTime: 2419.00860452652
AllTime: 2419.518159866333
Percentage: 0.02
