CommandTime: 0.6442174911499023
AnalysisTime: 0.01613783836364746
CalculatingTime: 1.0562317371368408
OrderingTime: 0.03408694267272949
Sum: 1.7506740093231201
BuildTime: 2348.014664888382
AllTime: 2349.765338897705
Percentage: 0.07
