CalculatingTime: 1.090198040008545
OrderingTime: 0.004122018814086914
Sum: 1.0943200588226318
BuildTime: 2363.2681069374084
AllTime: 2364.362426996231
Percentage: 0.05
