CalculatingTime: 0.8676285743713379
OrderingTime: 0.004438638687133789
Sum: 0.8720672130584717
BuildTime: 2391.9382128715515
AllTime: 2392.81028008461
Percentage: 0.04
