CalculatingTime: 1.225935697555542
OrderingTime: 0.09338259696960449
Sum: 1.3193182945251465
BuildTime: 2338.7555298805237
AllTime: 2340.074848175049
Percentage: 0.06
