CalculatingTime: 0.3277547359466553
OrderingTime: 0.08565950393676758
Sum: 0.41341423988342285
BuildTime: 2414.8745906352997
AllTime: 2415.288004875183
Percentage: 0.02
