CalculatingTime: 1.0781724452972412
OrderingTime: 0.00021958351135253906
Sum: 1.0783920288085938
BuildTime: 2359.0325865745544
AllTime: 2360.110978603363
Percentage: 0.05
