CommandTime: 0.6181583404541016
AnalysisTime: 0.014939069747924805
CalculatingTime: 1.078080654144287
OrderingTime: 0.08188676834106445
Sum: 1.793064832687378
BuildTime: 2358.88015460968
AllTime: 2360.6732194423676
Percentage: 0.08
