CalculatingTime: 0.3678922653198242
OrderingTime: 0.05481719970703125
Sum: 0.42270946502685547
BuildTime: 2363.9782326221466
AllTime: 2364.4009420871735
Percentage: 0.02
