CalculatingTime: 0.8242909908294678
OrderingTime: 0.04105186462402344
Sum: 0.8653428554534912
BuildTime: 2357.210420846939
AllTime: 2358.0757637023926
Percentage: 0.04
