CalculatingTime: 1.0090179443359375
OrderingTime: 0.00021195411682128906
Sum: 1.0092298984527588
BuildTime: 2359.011934518814
AllTime: 2360.021164417267
Percentage: 0.04
