CalculatingTime: 1.0459356307983398
OrderingTime: 0.0002219676971435547
Sum: 1.0461575984954834
BuildTime: 2387.309737443924
AllTime: 2388.3558950424194
Percentage: 0.04
