CommandTime: 0.6609914302825928
AnalysisTime: 0.01961350440979004
CalculatingTime: 1.3043956756591797
OrderingTime: 0.03941154479980469
Sum: 2.024412155151367
BuildTime: 2323.548927307129
AllTime: 2325.5733394622803
Percentage: 0.09
