CalculatingTime: 0.9307224750518799
OrderingTime: 0.00021219253540039062
Sum: 0.9309346675872803
BuildTime: 2387.791538476944
AllTime: 2388.7224731445312
Percentage: 0.04
