CalculatingTime: 0.9305877685546875
OrderingTime: 0.040361642837524414
Sum: 0.9709494113922119
BuildTime: 2353.6739308834076
AllTime: 2354.6448802948
Percentage: 0.04
