CalculatingTime: 1.060138463973999
OrderingTime: 0.0002186298370361328
Sum: 1.0603570938110352
BuildTime: 2370.099883079529
AllTime: 2371.16024017334
Percentage: 0.04
