CalculatingTime: 0.29772019386291504
OrderingTime: 0.17467284202575684
Sum: 0.4723930358886719
BuildTime: 2379.333146572113
AllTime: 2379.8055396080017
Percentage: 0.02
