CommandTime: 0.6270296573638916
AnalysisTime: 0.016186237335205078
CalculatingTime: 1.0616750717163086
OrderingTime: 0.03747701644897461
Sum: 1.7423679828643799
BuildTime: 2365.5139422416687
AllTime: 2367.256310224533
Percentage: 0.07
