CommandTime: 0.6336781978607178
AnalysisTime: 0.015427827835083008
CalculatingTime: 1.0713813304901123
OrderingTime: 0.0775761604309082
Sum: 1.7980635166168213
BuildTime: 2358.9037783145905
AllTime: 2360.7018418312073
Percentage: 0.08
