CalculatingTime: 1.0577995777130127
OrderingTime: 0.036337852478027344
Sum: 1.09413743019104
BuildTime: 2349.1216444969177
AllTime: 2350.2157819271088
Percentage: 0.05
