CalculatingTime: 0.36414027214050293
OrderingTime: 0.14623236656188965
Sum: 0.5103726387023926
BuildTime: 2387.4667966365814
AllTime: 2387.977169275284
Percentage: 0.02
