CalculatingTime: 0.9279887676239014
OrderingTime: 0.039836883544921875
Sum: 0.9678256511688232
BuildTime: 2386.1358082294464
AllTime: 2387.1036338806152
Percentage: 0.04
