CalculatingTime: 1.044823169708252
OrderingTime: 0.004004240036010742
Sum: 1.0488274097442627
BuildTime: 2358.2185328006744
AllTime: 2359.2673602104187
Percentage: 0.04
