CalculatingTime: 0.7529561519622803
OrderingTime: 0.00021958351135253906
Sum: 0.7531757354736328
BuildTime: 2381.0284276008606
AllTime: 2381.7816033363342
Percentage: 0.03
