CalculatingTime: 0.9257805347442627
OrderingTime: 0.00022077560424804688
Sum: 0.9260013103485107
BuildTime: 2391.3839342594147
AllTime: 2392.309935569763
Percentage: 0.04
