CalculatingTime: 1.2660741806030273
OrderingTime: 0.00023937225341796875
Sum: 1.2663135528564453
BuildTime: 2334.715982198715
AllTime: 2335.9822957515717
Percentage: 0.05
