CalculatingTime: 0.40436244010925293
OrderingTime: 0.06696200370788574
Sum: 0.47132444381713867
BuildTime: 2348.9103722572327
AllTime: 2349.38169670105
Percentage: 0.02
