CommandTime: 0.6204781532287598
AnalysisTime: 0.01421499252319336
CalculatingTime: 0.9066989421844482
OrderingTime: 0.12310051918029785
Sum: 1.6644926071166992
BuildTime: 2355.787247657776
AllTime: 2357.4517402648926
Percentage: 0.07
