CalculatingTime: 0.2805345058441162
OrderingTime: 0.11389327049255371
Sum: 0.3944277763366699
BuildTime: 2393.5172073841095
AllTime: 2393.911635160446
Percentage: 0.02
