CalculatingTime: 0.2795696258544922
OrderingTime: 0.6514370441436768
Sum: 0.931006669998169
BuildTime: 2407.8783597946167
AllTime: 2408.809366464615
Percentage: 0.04
