CalculatingTime: 0.29530763626098633
OrderingTime: 0.038405656814575195
Sum: 0.3337132930755615
BuildTime: 2372.0599184036255
AllTime: 2372.393631696701
Percentage: 0.01
