CalculatingTime: 1.0793108940124512
OrderingTime: 0.03677105903625488
Sum: 1.116081953048706
BuildTime: 2363.563174009323
AllTime: 2364.679255962372
Percentage: 0.05
