CalculatingTime: 0.4759101867675781
OrderingTime: 0.05515646934509277
Sum: 0.5310666561126709
BuildTime: 2343.0077517032623
AllTime: 2343.538818359375
Percentage: 0.02
