CalculatingTime: 0.3594081401824951
OrderingTime: 0.1191263198852539
Sum: 0.478534460067749
BuildTime: 2365.609035253525
AllTime: 2366.0875697135925
Percentage: 0.02
