CalculatingTime: 0.34588074684143066
OrderingTime: 0.09312915802001953
Sum: 0.4390099048614502
BuildTime: 2381.635899782181
AllTime: 2382.0749096870422
Percentage: 0.02
