CalculatingTime: 1.1749742031097412
OrderingTime: 0.0001823902130126953
Sum: 1.175156593322754
BuildTime: 2352.781938314438
AllTime: 2353.9570949077606
Percentage: 0.05
