CalculatingTime: 0.3355748653411865
OrderingTime: 0.04024839401245117
Sum: 0.3758232593536377
BuildTime: 2412.8992772102356
AllTime: 2413.2751004695892
Percentage: 0.02
