CalculatingTime: 0.8813657760620117
OrderingTime: 0.05049848556518555
Sum: 0.9318642616271973
BuildTime: 2371.4747326374054
AllTime: 2372.4065968990326
Percentage: 0.04
