CalculatingTime: 1.1067883968353271
OrderingTime: 0.00022840499877929688
Sum: 1.1070168018341064
BuildTime: 2343.009093284607
AllTime: 2344.116110086441
Percentage: 0.05
