CalculatingTime: 0.1276998519897461
OrderingTime: 0.9027650356292725
Sum: 1.0304648876190186
BuildTime: 56.225403785705566
AllTime: 57.255868673324585
Percentage: 1.8
