CommandTime: 0.7747766971588135
AnalysisTime: 0.008403301239013672
CalculatingTime: 0.24442386627197266
OrderingTime: 0.20280075073242188
Sum: 1.2304046154022217
BuildTime: 46.78537559509277
AllTime: 48.015780210494995
Percentage: 2.56
