CalculatingTime: 0.26027798652648926
OrderingTime: 0.00018596649169921875
Sum: 0.2604639530181885
BuildTime: 56.538352251052856
AllTime: 56.798816204071045
Percentage: 0.46
