CalculatingTime: 0.22704029083251953
OrderingTime: 0.6440017223358154
Sum: 0.871042013168335
BuildTime: 102.76740741729736
AllTime: 103.6384494304657
Percentage: 0.84
