CalculatingTime: 0.278423547744751
OrderingTime: 0.0002148151397705078
Sum: 0.2786383628845215
BuildTime: 52.07250118255615
AllTime: 52.351139545440674
Percentage: 0.53
