CommandTime: 0.774895191192627
AnalysisTime: 0.008147478103637695
CalculatingTime: 0.24941539764404297
OrderingTime: 0.41409850120544434
Sum: 1.446556568145752
BuildTime: 49.9082612991333
AllTime: 51.35481786727905
Percentage: 2.82
