CalculatingTime: 0.1364755630493164
OrderingTime: 0.5957341194152832
Sum: 0.7322096824645996
BuildTime: 74.11695170402527
AllTime: 74.84916138648987
Percentage: 0.98
