CalculatingTime: 0.1373767852783203
OrderingTime: 0.11147284507751465
Sum: 0.24884963035583496
BuildTime: 70.50461149215698
AllTime: 70.75346112251282
Percentage: 0.35
