CalculatingTime: 0.24551796913146973
OrderingTime: 0.8115360736846924
Sum: 1.057054042816162
BuildTime: 120.82955431938171
AllTime: 121.88660836219788
Percentage: 0.87
