CalculatingTime: 0.2637951374053955
OrderingTime: 0.00019884109497070312
Sum: 0.2639939785003662
BuildTime: 57.72908353805542
AllTime: 57.993077516555786
Percentage: 0.46
