CalculatingTime: 0.24410009384155273
OrderingTime: 0.00020456314086914062
Sum: 0.24430465698242188
BuildTime: 53.176411390304565
AllTime: 53.42071604728699
Percentage: 0.46
