CalculatingTime: 0.27117919921875
OrderingTime: 0.00016260147094726562
Sum: 0.27134180068969727
BuildTime: 40.3902792930603
AllTime: 40.66162109375
Percentage: 0.67
