CalculatingTime: 0.21933817863464355
OrderingTime: 1.2821717262268066
Sum: 1.5015099048614502
BuildTime: 116.52617740631104
AllTime: 118.02768731117249
Percentage: 1.27
