CalculatingTime: 0.14235830307006836
OrderingTime: 0.3386554718017578
Sum: 0.48101377487182617
BuildTime: 76.82637000083923
AllTime: 77.30738377571106
Percentage: 0.62
