CalculatingTime: 0.2663459777832031
OrderingTime: 0.00012350082397460938
Sum: 0.26646947860717773
BuildTime: 39.34778046607971
AllTime: 39.61424994468689
Percentage: 0.67
