CommandTime: 0.7747025489807129
AnalysisTime: 0.008263826370239258
CalculatingTime: 0.27140331268310547
OrderingTime: 0.9412703514099121
Sum: 1.9956400394439697
BuildTime: 44.37657332420349
AllTime: 46.37221336364746
Percentage: 4.3
