CommandTime: 0.7548742294311523
AnalysisTime: 0.00853729248046875
CalculatingTime: 0.25483274459838867
OrderingTime: 0.4499390125274658
Sum: 1.4681832790374756
BuildTime: 41.383426904678345
AllTime: 42.85161018371582
Percentage: 3.43
