CalculatingTime: 0.25624966621398926
OrderingTime: 0.0002028942108154297
Sum: 0.2564525604248047
BuildTime: 44.15877556800842
AllTime: 44.41522812843323
Percentage: 0.58
