CalculatingTime: 0.27060651779174805
OrderingTime: 0.00019812583923339844
Sum: 0.27080464363098145
BuildTime: 49.82063126564026
AllTime: 50.09143590927124
Percentage: 0.54
