CalculatingTime: 0.2886366844177246
OrderingTime: 0.000240325927734375
Sum: 0.288877010345459
BuildTime: 53.014862060546875
AllTime: 53.303739070892334
Percentage: 0.54
