CalculatingTime: 0.24637794494628906
OrderingTime: 0.7526075839996338
Sum: 0.9989855289459229
BuildTime: 91.3155586719513
AllTime: 92.31454420089722
Percentage: 1.08
