CommandTime: 0.7344217300415039
AnalysisTime: 0.008395671844482422
CalculatingTime: 0.2616746425628662
OrderingTime: 0.6677932739257812
Sum: 1.6722853183746338
BuildTime: 40.34686779975891
AllTime: 42.019153118133545
Percentage: 3.98
