CalculatingTime: 0.24766182899475098
OrderingTime: 0.00020456314086914062
Sum: 0.24786639213562012
BuildTime: 45.67347478866577
AllTime: 45.92134118080139
Percentage: 0.54
