CommandTime: 0.7728226184844971
AnalysisTime: 0.008406639099121094
CalculatingTime: 0.23207759857177734
OrderingTime: 0.2221677303314209
Sum: 1.2354745864868164
BuildTime: 49.77313566207886
AllTime: 51.008610248565674
Percentage: 2.42
