CalculatingTime: 0.14279413223266602
OrderingTime: 0.5107543468475342
Sum: 0.6535484790802002
BuildTime: 74.46005725860596
AllTime: 75.11360573768616
Percentage: 0.87
