CommandTime: 0.76731276512146
AnalysisTime: 0.008720159530639648
CalculatingTime: 0.27821946144104004
OrderingTime: 0.4128265380859375
Sum: 1.4670789241790771
BuildTime: 58.52396273612976
AllTime: 59.99104166030884
Percentage: 2.45
