CalculatingTime: 0.25672292709350586
OrderingTime: 0.5295710563659668
Sum: 0.7862939834594727
BuildTime: 129.17492008209229
AllTime: 129.96121406555176
Percentage: 0.61
