CalculatingTime: 0.12938261032104492
OrderingTime: 0.2286090850830078
Sum: 0.35799169540405273
BuildTime: 72.36783504486084
AllTime: 72.72582674026489
Percentage: 0.49
