CalculatingTime: 0.12854790687561035
OrderingTime: 0.3959827423095703
Sum: 0.5245306491851807
BuildTime: 78.83563423156738
AllTime: 79.36016488075256
Percentage: 0.66
