CalculatingTime: 0.25223302841186523
OrderingTime: 1.5252573490142822
Sum: 1.7774903774261475
BuildTime: 108.16923213005066
AllTime: 109.9467225074768
Percentage: 1.62
