CalculatingTime: 0.13348913192749023
OrderingTime: 0.06723737716674805
Sum: 0.20072650909423828
BuildTime: 60.936279296875
AllTime: 61.13700580596924
Percentage: 0.33
