CalculatingTime: 0.26650047302246094
OrderingTime: 2.130092144012451
Sum: 2.396592617034912
BuildTime: 134.25488090515137
AllTime: 136.65147352218628
Percentage: 1.75
