CommandTime: 0.7667303085327148
AnalysisTime: 0.00838923454284668
CalculatingTime: 0.25983262062072754
OrderingTime: 0.39625072479248047
Sum: 1.4312028884887695
BuildTime: 40.79370427131653
AllTime: 42.2249071598053
Percentage: 3.39
