CalculatingTime: 0.2272474765777588
OrderingTime: 1.4283134937286377
Sum: 1.6555609703063965
BuildTime: 95.44128346443176
AllTime: 97.09684443473816
Percentage: 1.71
