CommandTime: 0.7646925449371338
AnalysisTime: 0.008364439010620117
CalculatingTime: 0.2762947082519531
OrderingTime: 0.3487577438354492
Sum: 1.3981094360351562
BuildTime: 40.94958972930908
AllTime: 42.34769916534424
Percentage: 3.3
