CalculatingTime: 0.2330782413482666
OrderingTime: 0.9346334934234619
Sum: 1.1677117347717285
BuildTime: 105.31666803359985
AllTime: 106.48437976837158
Percentage: 1.1
