CalculatingTime: 0.2657780647277832
OrderingTime: 0.00022864341735839844
Sum: 0.2660067081451416
BuildTime: 49.33335328102112
AllTime: 49.59935998916626
Percentage: 0.54
