CalculatingTime: 0.1372065544128418
OrderingTime: 0.23417925834655762
Sum: 0.3713858127593994
BuildTime: 69.8471450805664
AllTime: 70.2185308933258
Percentage: 0.53
