CommandTime: 0.7414102554321289
AnalysisTime: 0.008561372756958008
CalculatingTime: 0.24732065200805664
OrderingTime: 0.32908129692077637
Sum: 1.32637357711792
BuildTime: 55.007394552230835
AllTime: 56.333768129348755
Percentage: 2.35
