CommandTime: 0.74076247215271
AnalysisTime: 0.008402585983276367
CalculatingTime: 0.26002073287963867
OrderingTime: 0.35031700134277344
Sum: 1.3595027923583984
BuildTime: 51.125147104263306
AllTime: 52.484649896621704
Percentage: 2.59
