CalculatingTime: 0.24744391441345215
OrderingTime: 0.0002694129943847656
Sum: 0.24771332740783691
BuildTime: 37.56751608848572
AllTime: 37.815229415893555
Percentage: 0.66
