CalculatingTime: 0.2640419006347656
OrderingTime: 0.6757602691650391
Sum: 0.9398021697998047
BuildTime: 93.73633050918579
AllTime: 94.6761326789856
Percentage: 0.99
