CalculatingTime: 0.16363906860351562
OrderingTime: 0.28243494033813477
Sum: 0.4460740089416504
BuildTime: 60.7550630569458
AllTime: 61.20113706588745
Percentage: 0.73
