CalculatingTime: 0.2523796558380127
OrderingTime: 1.0392954349517822
Sum: 1.291675090789795
BuildTime: 102.3603184223175
AllTime: 103.6519935131073
Percentage: 1.25
