CommandTime: 0.742163896560669
AnalysisTime: 0.008785247802734375
CalculatingTime: 0.26494932174682617
OrderingTime: 0.06781315803527832
Sum: 1.0837116241455078
BuildTime: 53.789565324783325
AllTime: 54.87327694892883
Percentage: 1.97
