CalculatingTime: 0.1414320468902588
OrderingTime: 0.2785148620605469
Sum: 0.41994690895080566
BuildTime: 73.87353372573853
AllTime: 74.29348063468933
Percentage: 0.57
