CalculatingTime: 0.2327568531036377
OrderingTime: 1.4203786849975586
Sum: 1.6531355381011963
BuildTime: 108.44931054115295
AllTime: 110.10244607925415
Percentage: 1.5
