CalculatingTime: 0.24472332000732422
OrderingTime: 0.00022101402282714844
Sum: 0.24494433403015137
BuildTime: 41.11338567733765
AllTime: 41.3583300113678
Percentage: 0.59
