CalculatingTime: 0.23136210441589355
OrderingTime: 1.3713924884796143
Sum: 1.6027545928955078
BuildTime: 116.56990790367126
AllTime: 118.17266249656677
Percentage: 1.36
