CalculatingTime: 0.14078330993652344
OrderingTime: 0.2312452793121338
Sum: 0.3720285892486572
BuildTime: 83.287921667099
AllTime: 83.65995025634766
Percentage: 0.44
