CalculatingTime: 0.1618039608001709
OrderingTime: 0.41971278190612793
Sum: 0.5815167427062988
BuildTime: 50.34098696708679
AllTime: 50.92250370979309
Percentage: 1.14
