CommandTime: 0.7530093193054199
AnalysisTime: 0.008578300476074219
CalculatingTime: 0.27379870414733887
OrderingTime: 0.20358014106750488
Sum: 1.238966464996338
BuildTime: 56.481937408447266
AllTime: 57.7209038734436
Percentage: 2.15
