CalculatingTime: 0.2223823070526123
OrderingTime: 1.2769315242767334
Sum: 1.4993138313293457
BuildTime: 121.66561818122864
AllTime: 123.16493201255798
Percentage: 1.22
