CalculatingTime: 0.15857791900634766
OrderingTime: 0.4708595275878906
Sum: 0.6294374465942383
BuildTime: 58.83223819732666
AllTime: 59.4616756439209
Percentage: 1.06
