CommandTime: 0.7302093505859375
AnalysisTime: 0.00832676887512207
CalculatingTime: 0.2616739273071289
OrderingTime: 0.6446223258972168
Sum: 1.6448323726654053
BuildTime: 38.14924430847168
AllTime: 39.794076681137085
Percentage: 4.13
