CommandTime: 0.8150758743286133
AnalysisTime: 0.008818387985229492
CalculatingTime: 0.2621603012084961
OrderingTime: 0.40323925018310547
Sum: 1.4892938137054443
BuildTime: 52.432212114334106
AllTime: 53.92150592803955
Percentage: 2.76
