CalculatingTime: 0.26339054107666016
OrderingTime: 0.00020956993103027344
Sum: 0.26360011100769043
BuildTime: 40.63107180595398
AllTime: 40.89467191696167
Percentage: 0.64
