CalculatingTime: 0.25890183448791504
OrderingTime: 0.8059713840484619
Sum: 1.064873218536377
BuildTime: 112.3375473022461
AllTime: 113.40242052078247
Percentage: 0.94
