CalculatingTime: 0.22486114501953125
OrderingTime: 1.1034135818481445
Sum: 1.3282747268676758
BuildTime: 140.91045880317688
AllTime: 142.23873353004456
Percentage: 0.93
