CalculatingTime: 0.25544142723083496
OrderingTime: 0.00018477439880371094
Sum: 0.25562620162963867
BuildTime: 49.35251808166504
AllTime: 49.60814428329468
Percentage: 0.52
