CalculatingTime: 0.29317331314086914
OrderingTime: 0.0002186298370361328
Sum: 0.2933919429779053
BuildTime: 56.77806329727173
AllTime: 57.071455240249634
Percentage: 0.51
