CalculatingTime: 0.14617323875427246
OrderingTime: 0.18830251693725586
Sum: 0.3344757556915283
BuildTime: 72.83641409873962
AllTime: 73.17088985443115
Percentage: 0.46
