CommandTime: 0.7707417011260986
AnalysisTime: 0.008226871490478516
CalculatingTime: 0.27163267135620117
OrderingTime: 0.1472485065460205
Sum: 1.1978497505187988
BuildTime: 57.61081290245056
AllTime: 58.80866265296936
Percentage: 2.04
