CalculatingTime: 0.13962030410766602
OrderingTime: 0.2930872440338135
Sum: 0.4327075481414795
BuildTime: 61.42787432670593
AllTime: 61.86058187484741
Percentage: 0.7
