CalculatingTime: 1.753448486328125
OrderingTime: 0.0002181529998779297
Sum: 1.753666639328003
BuildTime: 360.35936880111694
AllTime: 362.11303544044495
Percentage: 0.48
