CalculatingTime: 1.7979090213775635
OrderingTime: 1.3053851127624512
Sum: 3.1032941341400146
BuildTime: 600.5648193359375
AllTime: 603.6681134700775
Percentage: 0.51
