CalculatingTime: 1.0731828212738037
OrderingTime: 0.1736905574798584
Sum: 1.246873378753662
BuildTime: 392.7057104110718
AllTime: 393.95258378982544
Percentage: 0.32
