CalculatingTime: 1.8558056354522705
OrderingTime: 0.19555020332336426
Sum: 2.0513558387756348
BuildTime: 571.3204500675201
AllTime: 573.3718059062958
Percentage: 0.36
