CalculatingTime: 1.9175753593444824
OrderingTime: 0.00020885467529296875
Sum: 1.9177842140197754
BuildTime: 360.26426887512207
AllTime: 362.18205308914185
Percentage: 0.53
