CommandTime: 3.4190728664398193
AnalysisTime: 0.046807050704956055
CalculatingTime: 1.8448069095611572
OrderingTime: 0.2492833137512207
Sum: 5.559970140457153
BuildTime: 360.9801366329193
AllTime: 366.54010677337646
Percentage: 1.52
