CommandTime: 3.4199368953704834
AnalysisTime: 0.047371864318847656
CalculatingTime: 1.7205464839935303
OrderingTime: 1.144500970840454
Sum: 6.332356214523315
BuildTime: 356.36481261253357
AllTime: 362.6971688270569
Percentage: 1.75
