CommandTime: 3.60664963722229
AnalysisTime: 0.0486292839050293
CalculatingTime: 1.738142967224121
OrderingTime: 0.27206945419311523
Sum: 5.665491342544556
BuildTime: 360.05162239074707
AllTime: 365.7171137332916
Percentage: 1.55
