CalculatingTime: 1.7146062850952148
OrderingTime: 0.8451447486877441
Sum: 2.559751033782959
BuildTime: 535.2767820358276
AllTime: 537.8365330696106
Percentage: 0.48
