CalculatingTime: 1.0798513889312744
OrderingTime: 0.12614917755126953
Sum: 1.206000566482544
BuildTime: 502.7873115539551
AllTime: 503.9933121204376
Percentage: 0.24
