CommandTime: 3.4666149616241455
AnalysisTime: 0.04629254341125488
CalculatingTime: 1.8274881839752197
OrderingTime: 0.5848946571350098
Sum: 5.92529034614563
BuildTime: 321.33146023750305
AllTime: 327.2567505836487
Percentage: 1.81
