CalculatingTime: 1.8778226375579834
OrderingTime: 0.0002181529998779297
Sum: 1.8780407905578613
BuildTime: 425.4471175670624
AllTime: 427.32515835762024
Percentage: 0.44
