CommandTime: 3.486579418182373
AnalysisTime: 0.049352169036865234
CalculatingTime: 1.8053457736968994
OrderingTime: 0.2263011932373047
Sum: 5.567578554153442
BuildTime: 426.5037863254547
AllTime: 432.07136487960815
Percentage: 1.29
