CalculatingTime: 1.83017897605896
OrderingTime: 0.00021409988403320312
Sum: 1.8303930759429932
BuildTime: 356.7439458370209
AllTime: 358.57433891296387
Percentage: 0.51
