CalculatingTime: 1.805521011352539
OrderingTime: 1.3322625160217285
Sum: 3.1377835273742676
BuildTime: 580.0722270011902
AllTime: 583.2100105285645
Percentage: 0.54
