CalculatingTime: 1.8046162128448486
OrderingTime: 0.30483365058898926
Sum: 2.109449863433838
BuildTime: 607.4060010910034
AllTime: 609.5154509544373
Percentage: 0.35
