CalculatingTime: 1.8372111320495605
OrderingTime: 1.133666753768921
Sum: 2.9708778858184814
BuildTime: 562.1841745376587
AllTime: 565.1550524234772
Percentage: 0.53
