CommandTime: 3.5301926136016846
AnalysisTime: 0.04443621635437012
CalculatingTime: 1.755713701248169
OrderingTime: 0.3332507610321045
Sum: 5.663593292236328
BuildTime: 295.25761890411377
AllTime: 300.9212121963501
Percentage: 1.88
