CalculatingTime: 1.154991865158081
OrderingTime: 0.044921159744262695
Sum: 1.1999130249023438
BuildTime: 396.6887061595917
AllTime: 397.888619184494
Percentage: 0.3
