CalculatingTime: 1.7070879936218262
OrderingTime: 0.5057399272918701
Sum: 2.2128279209136963
BuildTime: 560.9816298484802
AllTime: 563.1944577693939
Percentage: 0.39
