CommandTime: 3.43815016746521
AnalysisTime: 0.04678487777709961
CalculatingTime: 1.780444622039795
OrderingTime: 0.39147186279296875
Sum: 5.656851530075073
BuildTime: 355.28645062446594
AllTime: 360.943302154541
Percentage: 1.57
