CalculatingTime: 1.6675419807434082
OrderingTime: 0.00021648406982421875
Sum: 1.6677584648132324
BuildTime: 251.4193992614746
AllTime: 253.08715772628784
Percentage: 0.66
