CalculatingTime: 1.7776994705200195
OrderingTime: 0.4496307373046875
Sum: 2.227330207824707
BuildTime: 427.6478154659271
AllTime: 429.87514567375183
Percentage: 0.52
