CommandTime: 3.757314443588257
AnalysisTime: 0.04829001426696777
CalculatingTime: 1.7464861869812012
OrderingTime: 0.8511691093444824
Sum: 6.403259754180908
BuildTime: 253.08898663520813
AllTime: 259.49224638938904
Percentage: 2.47
