CalculatingTime: 1.6050474643707275
OrderingTime: 2.2077395915985107
Sum: 3.8127870559692383
BuildTime: 608.8976402282715
AllTime: 612.7104272842407
Percentage: 0.62
