CalculatingTime: 1.1932437419891357
OrderingTime: 0.5403866767883301
Sum: 1.7336304187774658
BuildTime: 325.15660429000854
AllTime: 326.890234708786
Percentage: 0.53
