CalculatingTime: 1.1233975887298584
OrderingTime: 0.07660293579101562
Sum: 1.200000524520874
BuildTime: 365.72622871398926
AllTime: 366.92622923851013
Percentage: 0.33
