CalculatingTime: 1.1258060932159424
OrderingTime: 0.09340214729309082
Sum: 1.2192082405090332
BuildTime: 433.02600836753845
AllTime: 434.2452166080475
Percentage: 0.28
