CalculatingTime: 1.8266682624816895
OrderingTime: 0.24384427070617676
Sum: 2.070512533187866
BuildTime: 568.4176216125488
AllTime: 570.4881341457367
Percentage: 0.36
