CalculatingTime: 1.6446168422698975
OrderingTime: 0.00021076202392578125
Sum: 1.6448276042938232
BuildTime: 321.3278350830078
AllTime: 322.97266268730164
Percentage: 0.51
