CalculatingTime: 1.7684946060180664
OrderingTime: 0.00012874603271484375
Sum: 1.7686233520507812
BuildTime: 391.1347291469574
AllTime: 392.9033524990082
Percentage: 0.45
