CalculatingTime: 1.8579638004302979
OrderingTime: 0.00020742416381835938
Sum: 1.8581712245941162
BuildTime: 325.1762080192566
AllTime: 327.0343792438507
Percentage: 0.57
