CommandTime: 3.5897693634033203
AnalysisTime: 0.04926633834838867
CalculatingTime: 1.7056188583374023
OrderingTime: 0.45321083068847656
Sum: 5.797865390777588
BuildTime: 328.6343455314636
AllTime: 334.4322109222412
Percentage: 1.73
