CalculatingTime: 1.132838487625122
OrderingTime: 0.4705207347869873
Sum: 1.6033592224121094
BuildTime: 469.25888872146606
AllTime: 470.8622479438782
Percentage: 0.34
