CalculatingTime: 1.743185043334961
OrderingTime: 2.289008140563965
Sum: 4.032193183898926
BuildTime: 506.8955249786377
AllTime: 510.9277181625366
Percentage: 0.79
