CalculatingTime: 1.7513434886932373
OrderingTime: 0.7926843166351318
Sum: 2.544027805328369
BuildTime: 501.40189719200134
AllTime: 503.9459249973297
Percentage: 0.5
