CalculatingTime: 1.758528709411621
OrderingTime: 0.00023055076599121094
Sum: 1.7587592601776123
BuildTime: 327.35536098480225
AllTime: 329.11412024497986
Percentage: 0.53
