CalculatingTime: 1.9200830459594727
OrderingTime: 0.00022792816162109375
Sum: 1.9203109741210938
BuildTime: 426.41961145401
AllTime: 428.3399224281311
Percentage: 0.45
