CalculatingTime: 1.156386375427246
OrderingTime: 0.12229108810424805
Sum: 1.2786774635314941
BuildTime: 535.0351898670197
AllTime: 536.3138673305511
Percentage: 0.24
