CalculatingTime: 1.7019813060760498
OrderingTime: 0.00021004676818847656
Sum: 1.7021913528442383
BuildTime: 295.9224524497986
AllTime: 297.6246438026428
Percentage: 0.57
