CalculatingTime: 1.7587614059448242
OrderingTime: 0.5106050968170166
Sum: 2.269366502761841
BuildTime: 518.3999528884888
AllTime: 520.6693193912506
Percentage: 0.44
