CommandTime: 3.483030080795288
AnalysisTime: 0.04846668243408203
CalculatingTime: 1.7943344116210938
OrderingTime: 0.2061769962310791
Sum: 5.532008171081543
BuildTime: 427.7186498641968
AllTime: 433.2506580352783
Percentage: 1.28
