CalculatingTime: 1.7025539875030518
OrderingTime: 0.00019669532775878906
Sum: 1.7027506828308105
BuildTime: 429.5386095046997
AllTime: 431.2413601875305
Percentage: 0.39
