CalculatingTime: 1.1814942359924316
OrderingTime: 0.06151294708251953
Sum: 1.2430071830749512
BuildTime: 426.6204912662506
AllTime: 427.86349844932556
Percentage: 0.29
