CalculatingTime: 1.8702399730682373
OrderingTime: 0.29593849182128906
Sum: 2.1661784648895264
BuildTime: 491.45019817352295
AllTime: 493.6163766384125
Percentage: 0.44
