CalculatingTime: 1.1325139999389648
OrderingTime: 0.1443769931793213
Sum: 1.2768909931182861
BuildTime: 452.4284317493439
AllTime: 453.70532274246216
Percentage: 0.28
