CalculatingTime: 1.1776916980743408
OrderingTime: 0.6576347351074219
Sum: 1.8353264331817627
BuildTime: 440.4847762584686
AllTime: 442.3201026916504
Percentage: 0.41
