CalculatingTime: 1.147876501083374
OrderingTime: 0.40691328048706055
Sum: 1.5547897815704346
BuildTime: 384.9034595489502
AllTime: 386.45824933052063
Percentage: 0.4
