CalculatingTime: 1.1032724380493164
OrderingTime: 0.2414712905883789
Sum: 1.3447437286376953
BuildTime: 419.66492104530334
AllTime: 421.00966477394104
Percentage: 0.32
