CalculatingTime: 1.7372243404388428
OrderingTime: 0.00021028518676757812
Sum: 1.7374346256256104
BuildTime: 321.41416454315186
AllTime: 323.15159916877747
Percentage: 0.54
