CommandTime: 3.4322211742401123
AnalysisTime: 0.048041582107543945
CalculatingTime: 1.8465197086334229
OrderingTime: 0.444016695022583
Sum: 5.770799160003662
BuildTime: 324.25350284576416
AllTime: 330.0243020057678
Percentage: 1.75
