CommandTime: 3.6954596042633057
AnalysisTime: 0.04855608940124512
CalculatingTime: 1.7512166500091553
OrderingTime: 0.14435076713562012
Sum: 5.639583110809326
BuildTime: 325.39670848846436
AllTime: 331.0362915992737
Percentage: 1.7
