CommandTime: 3.374182939529419
AnalysisTime: 0.04676961898803711
CalculatingTime: 1.872389316558838
OrderingTime: 0.1946578025817871
Sum: 5.487999677658081
BuildTime: 379.9727740287781
AllTime: 385.46077370643616
Percentage: 1.42
