CalculatingTime: 1.667754888534546
OrderingTime: 0.0002300739288330078
Sum: 1.667984962463379
BuildTime: 381.2814157009125
AllTime: 382.94940066337585
Percentage: 0.44
