CalculatingTime: 1.65350341796875
OrderingTime: 0.0001952648162841797
Sum: 1.6536986827850342
BuildTime: 400.8273890018463
AllTime: 402.48108768463135
Percentage: 0.41
