CommandTime: 3.4260215759277344
AnalysisTime: 0.04772377014160156
CalculatingTime: 1.9208800792694092
OrderingTime: 0.127821683883667
Sum: 5.522447109222412
BuildTime: 390.7691135406494
AllTime: 396.2915606498718
Percentage: 1.39
