CalculatingTime: 1.7789552211761475
OrderingTime: 0.8221731185913086
Sum: 2.601128339767456
BuildTime: 634.6974647045135
AllTime: 637.298593044281
Percentage: 0.41
