CalculatingTime: 1.1932263374328613
OrderingTime: 0.20080137252807617
Sum: 1.3940277099609375
BuildTime: 370.13717126846313
AllTime: 371.5311989784241
Percentage: 0.38
