CalculatingTime: 1.7050981521606445
OrderingTime: 1.300295114517212
Sum: 3.0053932666778564
BuildTime: 503.4944381713867
AllTime: 506.4998314380646
Percentage: 0.59
