CalculatingTime: 1.1567213535308838
OrderingTime: 0.13449883460998535
Sum: 1.2912201881408691
BuildTime: 424.1000418663025
AllTime: 425.39126205444336
Percentage: 0.3
