CommandTime: 3.459165096282959
AnalysisTime: 0.048154592514038086
CalculatingTime: 1.7884430885314941
OrderingTime: 0.13508820533752441
Sum: 5.430850982666016
BuildTime: 429.85416173934937
AllTime: 435.2850127220154
Percentage: 1.25
