CalculatingTime: 1.1747453212738037
OrderingTime: 0.07910442352294922
Sum: 1.253849744796753
BuildTime: 466.38213777542114
AllTime: 467.6359875202179
Percentage: 0.27
