CalculatingTime: 1.857344150543213
OrderingTime: 0.00021719932556152344
Sum: 1.8575613498687744
BuildTime: 354.7662582397461
AllTime: 356.62381958961487
Percentage: 0.52
