CommandTime: 3.4115378856658936
AnalysisTime: 0.04703164100646973
CalculatingTime: 1.8891723155975342
OrderingTime: 0.2648601531982422
Sum: 5.61260199546814
BuildTime: 400.9158561229706
AllTime: 406.5284581184387
Percentage: 1.38
