CalculatingTime: 2.6643028259277344
OrderingTime: 0.7217483520507812
Sum: 3.3860511779785156
BuildTime: 753.8958032131195
AllTime: 757.281854391098
Percentage: 0.45
