CommandTime: 3.2277636528015137
AnalysisTime: 0.06901717185974121
CalculatingTime: 2.877150297164917
OrderingTime: 0.5296330451965332
Sum: 6.703564167022705
BuildTime: 278.29502534866333
AllTime: 284.99858951568604
Percentage: 2.35
