CalculatingTime: 2.827310562133789
OrderingTime: 1.6855189800262451
Sum: 4.512829542160034
BuildTime: 445.22869896888733
AllTime: 449.74152851104736
Percentage: 1.0
