CalculatingTime: 2.883772850036621
OrderingTime: 1.1621434688568115
Sum: 4.045916318893433
BuildTime: 774.9402501583099
AllTime: 778.9861664772034
Percentage: 0.52
