CalculatingTime: 2.828641653060913
OrderingTime: 0.00019931793212890625
Sum: 2.828840970993042
BuildTime: 413.7411389350891
AllTime: 416.56997990608215
Percentage: 0.68
