CommandTime: 3.2022697925567627
AnalysisTime: 0.06606626510620117
CalculatingTime: 2.6898744106292725
OrderingTime: 0.524688720703125
Sum: 6.482899188995361
BuildTime: 459.9104199409485
AllTime: 466.39331912994385
Percentage: 1.39
