CalculatingTime: 1.496558427810669
OrderingTime: 0.17006254196166992
Sum: 1.6666209697723389
BuildTime: 415.62368631362915
AllTime: 417.2903072834015
Percentage: 0.4
