CalculatingTime: 1.4820055961608887
OrderingTime: 0.3328590393066406
Sum: 1.8148646354675293
BuildTime: 455.59384417533875
AllTime: 457.4087088108063
Percentage: 0.4
