CalculatingTime: 2.514747142791748
OrderingTime: 2.2992775440216064
Sum: 4.8140246868133545
BuildTime: 715.2274737358093
AllTime: 720.0414984226227
Percentage: 0.67
