CalculatingTime: 2.8360376358032227
OrderingTime: 2.0465967655181885
Sum: 4.882634401321411
BuildTime: 779.320859670639
AllTime: 784.2034940719604
Percentage: 0.62
