CalculatingTime: 2.6472983360290527
OrderingTime: 1.608241081237793
Sum: 4.255539417266846
BuildTime: 541.4550213813782
AllTime: 545.710560798645
Percentage: 0.78
