CommandTime: 3.2778525352478027
AnalysisTime: 0.06576156616210938
CalculatingTime: 2.696375846862793
OrderingTime: 1.3901026248931885
Sum: 7.4300925731658936
BuildTime: 440.8716776371002
AllTime: 448.3017702102661
Percentage: 1.66
