CalculatingTime: 3.008610248565674
OrderingTime: 1.6159541606903076
Sum: 4.6245644092559814
BuildTime: 572.2319369316101
AllTime: 576.8565013408661
Percentage: 0.8
