CalculatingTime: 2.6129536628723145
OrderingTime: 1.4170191287994385
Sum: 4.029972791671753
BuildTime: 768.8645436763763
AllTime: 772.8945164680481
Percentage: 0.52
