CalculatingTime: 2.8739466667175293
OrderingTime: 1.1052091121673584
Sum: 3.9791557788848877
BuildTime: 580.8741245269775
AllTime: 584.8532803058624
Percentage: 0.68
