CommandTime: 3.195488452911377
AnalysisTime: 0.06838011741638184
CalculatingTime: 2.8499765396118164
OrderingTime: 0.27187418937683105
Sum: 6.385719299316406
BuildTime: 464.1853413581848
AllTime: 470.5710606575012
Percentage: 1.36
