CalculatingTime: 2.5256826877593994
OrderingTime: 1.1419320106506348
Sum: 3.667614698410034
BuildTime: 599.443933725357
AllTime: 603.1115484237671
Percentage: 0.61
