CalculatingTime: 2.5295474529266357
OrderingTime: 0.00022077560424804688
Sum: 2.529768228530884
BuildTime: 519.4085536003113
AllTime: 521.9383218288422
Percentage: 0.48
