CalculatingTime: 1.4306211471557617
OrderingTime: 0.1886599063873291
Sum: 1.6192810535430908
BuildTime: 463.3846595287323
AllTime: 465.0039405822754
Percentage: 0.35
