CommandTime: 3.134694814682007
AnalysisTime: 0.0665736198425293
CalculatingTime: 2.9999887943267822
OrderingTime: 0.4195737838745117
Sum: 6.62083101272583
BuildTime: 357.33645009994507
AllTime: 363.9572811126709
Percentage: 1.82
