CommandTime: 3.2551093101501465
AnalysisTime: 0.06903982162475586
CalculatingTime: 2.8709464073181152
OrderingTime: 0.2676255702972412
Sum: 6.462721109390259
BuildTime: 480.31105971336365
AllTime: 486.7737808227539
Percentage: 1.33
