CalculatingTime: 1.3888766765594482
OrderingTime: 0.4759328365325928
Sum: 1.864809513092041
BuildTime: 454.12721514701843
AllTime: 455.9920246601105
Percentage: 0.41
