CommandTime: 3.2002367973327637
AnalysisTime: 0.0708460807800293
CalculatingTime: 2.7600436210632324
OrderingTime: 0.6378669738769531
Sum: 6.6689934730529785
BuildTime: 364.97877979278564
AllTime: 371.6477732658386
Percentage: 1.79
