CalculatingTime: 2.6712310314178467
OrderingTime: 0.00012636184692382812
Sum: 2.6713573932647705
BuildTime: 628.2549576759338
AllTime: 630.9263150691986
Percentage: 0.42
