CalculatingTime: 2.884746551513672
OrderingTime: 0.0002696514129638672
Sum: 2.8850162029266357
BuildTime: 377.0619969367981
AllTime: 379.94701313972473
Percentage: 0.76
