CommandTime: 3.241948127746582
AnalysisTime: 0.06905436515808105
CalculatingTime: 3.1524674892425537
OrderingTime: 0.9969940185546875
Sum: 7.460464000701904
BuildTime: 364.853613615036
AllTime: 372.3140776157379
Percentage: 2.0
