CalculatingTime: 2.472651481628418
OrderingTime: 0.0001354217529296875
Sum: 2.4727869033813477
BuildTime: 453.8268835544586
AllTime: 456.29967045783997
Percentage: 0.54
