CalculatingTime: 2.758589744567871
OrderingTime: 2.0104336738586426
Sum: 4.769023418426514
BuildTime: 668.5866611003876
AllTime: 673.3556845188141
Percentage: 0.71
