CalculatingTime: 2.6028425693511963
OrderingTime: 0.00020051002502441406
Sum: 2.6030430793762207
BuildTime: 560.8685607910156
AllTime: 563.4716038703918
Percentage: 0.46
