CommandTime: 3.218151092529297
AnalysisTime: 0.06310820579528809
CalculatingTime: 2.645176410675049
OrderingTime: 0.8134360313415527
Sum: 6.7398717403411865
BuildTime: 424.3162043094635
AllTime: 431.0560760498047
Percentage: 1.56
