CalculatingTime: 2.8163793087005615
OrderingTime: 0.0001723766326904297
Sum: 2.816551685333252
BuildTime: 513.1033806800842
AllTime: 515.9199323654175
Percentage: 0.55
