CalculatingTime: 2.6269683837890625
OrderingTime: 0.00025963783264160156
Sum: 2.627228021621704
BuildTime: 415.2027847766876
AllTime: 417.8300127983093
Percentage: 0.63
