CalculatingTime: 1.5939157009124756
OrderingTime: 0.13921046257019043
Sum: 1.733126163482666
BuildTime: 492.54105377197266
AllTime: 494.2741799354553
Percentage: 0.35
