CalculatingTime: 1.532250165939331
OrderingTime: 0.3970222473144531
Sum: 1.9292724132537842
BuildTime: 432.25002360343933
AllTime: 434.1792960166931
Percentage: 0.44
