CommandTime: 3.2980711460113525
AnalysisTime: 0.06906676292419434
CalculatingTime: 2.919560670852661
OrderingTime: 0.46179652214050293
Sum: 6.748495101928711
BuildTime: 404.6916592121124
AllTime: 411.44015431404114
Percentage: 1.64
