CalculatingTime: 2.8065707683563232
OrderingTime: 0.00020766258239746094
Sum: 2.8067784309387207
BuildTime: 413.3546767234802
AllTime: 416.16145515441895
Percentage: 0.67
