CalculatingTime: 2.7548351287841797
OrderingTime: 0.0002224445343017578
Sum: 2.7550575733184814
BuildTime: 482.41635823249817
AllTime: 485.17141580581665
Percentage: 0.57
