CalculatingTime: 2.8650906085968018
OrderingTime: 2.8939690589904785
Sum: 5.75905966758728
BuildTime: 464.5776119232178
AllTime: 470.33667159080505
Percentage: 1.22
