CalculatingTime: 2.6526060104370117
OrderingTime: 0.0002117156982421875
Sum: 2.652817726135254
BuildTime: 577.4331152439117
AllTime: 580.085932970047
Percentage: 0.46
