CalculatingTime: 2.836014747619629
OrderingTime: 2.1981759071350098
Sum: 5.034190654754639
BuildTime: 695.9646439552307
AllTime: 700.9988346099854
Percentage: 0.72
