CalculatingTime: 2.8016295433044434
OrderingTime: 0.00021028518676757812
Sum: 2.801839828491211
BuildTime: 442.3647997379303
AllTime: 445.1666395664215
Percentage: 0.63
