CommandTime: 3.334724187850952
AnalysisTime: 0.06491374969482422
CalculatingTime: 2.8056046962738037
OrderingTime: 1.5062172412872314
Sum: 7.7114598751068115
BuildTime: 347.022522687912
AllTime: 354.7339825630188
Percentage: 2.17
