CalculatingTime: 2.631582260131836
OrderingTime: 0.00021338462829589844
Sum: 2.631795644760132
BuildTime: 445.71251225471497
AllTime: 448.3443078994751
Percentage: 0.59
