CalculatingTime: 2.61330246925354
OrderingTime: 1.6222424507141113
Sum: 4.235544919967651
BuildTime: 627.934579372406
AllTime: 632.1701242923737
Percentage: 0.67
