CalculatingTime: 2.834340810775757
OrderingTime: 1.1542549133300781
Sum: 3.988595724105835
BuildTime: 571.5023548603058
AllTime: 575.4909505844116
Percentage: 0.69
