CalculatingTime: 1.4779331684112549
OrderingTime: 0.3944988250732422
Sum: 1.872431993484497
BuildTime: 512.144268989563
AllTime: 514.0167009830475
Percentage: 0.36
