CalculatingTime: 2.9674391746520996
OrderingTime: 0.00020265579223632812
Sum: 2.967641830444336
BuildTime: 473.31773924827576
AllTime: 476.2853810787201
Percentage: 0.62
