CommandTime: 3.214365243911743
AnalysisTime: 0.06633329391479492
CalculatingTime: 2.9790573120117188
OrderingTime: 1.046342134475708
Sum: 7.306097984313965
BuildTime: 375.3745028972626
AllTime: 382.68060088157654
Percentage: 1.91
