CalculatingTime: 1.4058918952941895
OrderingTime: 0.5956969261169434
Sum: 2.001588821411133
BuildTime: 639.6345248222351
AllTime: 641.6361136436462
Percentage: 0.31
