CalculatingTime: 2.763885021209717
OrderingTime: 0.00019431114196777344
Sum: 2.7640793323516846
BuildTime: 608.615257024765
AllTime: 611.3793363571167
Percentage: 0.45
