CalculatingTime: 2.4876513481140137
OrderingTime: 1.603095293045044
Sum: 4.090746641159058
BuildTime: 683.6798913478851
AllTime: 687.7706379890442
Percentage: 0.59
