CommandTime: 3.330645799636841
AnalysisTime: 0.07251429557800293
CalculatingTime: 3.0512170791625977
OrderingTime: 1.3056323528289795
Sum: 7.760009527206421
BuildTime: 395.2528746128082
AllTime: 403.01288414001465
Percentage: 1.93
