CalculatingTime: 1.4436123371124268
OrderingTime: 0.21843409538269043
Sum: 1.6620464324951172
BuildTime: 553.0727813243866
AllTime: 554.7348277568817
Percentage: 0.3
