CalculatingTime: 1.60860276222229
OrderingTime: 0.3739039897918701
Sum: 1.9825067520141602
BuildTime: 504.49299144744873
AllTime: 506.4754981994629
Percentage: 0.39
