CommandTime: 3.2543601989746094
AnalysisTime: 0.07171893119812012
CalculatingTime: 3.1293416023254395
OrderingTime: 1.6895544528961182
Sum: 8.144975185394287
BuildTime: 414.90193223953247
AllTime: 423.04690742492676
Percentage: 1.93
