CalculatingTime: 1.4263498783111572
OrderingTime: 0.1837599277496338
Sum: 1.610109806060791
BuildTime: 531.3905074596405
AllTime: 533.0006172657013
Percentage: 0.3
