CalculatingTime: 1.3977272510528564
OrderingTime: 0.09253692626953125
Sum: 1.4902641773223877
BuildTime: 633.6239717006683
AllTime: 635.1142358779907
Percentage: 0.23
