CommandTime: 3.2621169090270996
AnalysisTime: 0.06832122802734375
CalculatingTime: 2.8901617527008057
OrderingTime: 1.1543354988098145
Sum: 7.3749353885650635
BuildTime: 288.05195665359497
AllTime: 295.42689204216003
Percentage: 2.5
