CommandTime: 3.175203323364258
AnalysisTime: 0.06486034393310547
CalculatingTime: 2.692460775375366
OrderingTime: 0.2495870590209961
Sum: 6.182111501693726
BuildTime: 433.9626111984253
AllTime: 440.144722700119
Percentage: 1.4
