CalculatingTime: 2.803813934326172
OrderingTime: 0.00020432472229003906
Sum: 2.804018259048462
BuildTime: 609.8946371078491
AllTime: 612.6986553668976
Percentage: 0.46
