CalculatingTime: 1.5615944862365723
OrderingTime: 0.3121311664581299
Sum: 1.8737256526947021
BuildTime: 387.66241788864136
AllTime: 389.53614354133606
Percentage: 0.48
