CalculatingTime: 1.4639513492584229
OrderingTime: 0.3725600242614746
Sum: 1.8365113735198975
BuildTime: 578.795328617096
AllTime: 580.6318399906158
Percentage: 0.32
