CalculatingTime: 1.3957898616790771
OrderingTime: 0.21265578269958496
Sum: 1.608445644378662
BuildTime: 462.45787930488586
AllTime: 464.0663249492645
Percentage: 0.35
