CalculatingTime: 1.508824110031128
OrderingTime: 0.1041722297668457
Sum: 1.6129963397979736
BuildTime: 621.8574810028076
AllTime: 623.4704773426056
Percentage: 0.26
