[    0,  1735,  2335,  2190,  2265,  2335,  2335,  1898,  2335,  1787,  1843,  1787,  2265,  2265,  2125,  2335,  1787,  2335,  2335,  2190,  1787]
[ 1735,     0,   467,   295,   274,   469,   469,   358,   467,   187,   309,   187,   274,   274,   104,   469,   187,   469,   469,   295,   187]
[ 2335,   467,     0,   175,   233,   181,   181,   256,     0,   423,   307,   423,   233,   233,   395,   181,   423,   181,   181,   175,   443]
[ 2190,   295,   175,     0,   392,   348,   348,   423,   175,   250,   465,   250,   392,   392,   221,   348,   250,   348,   348,     0,   250]
[ 2265,   274,   233,   392,     0,   235,   235,   316,   233,   455,   247,   455,     0,     0,   170,   235,   455,   235,   235,   392,   455]
[ 2335,   469,   181,   348,   235,     0,     0,   107,   181,   282,   305,   282,   235,   235,   398,     0,   282,     0,     0,   348,   282]
[ 2335,   469,   181,   348,   235,     0,     0,   107,   181,   282,   305,   282,   235,   235,   398,     0,   282,     0,     0,   348,   282]
[ 1898,   358,   256,   423,   316,   107,   107,     0,   256,   175,   194,   175,   296,   296,   458,   107,   175,   107,   107,   423,   175]
[ 2335,   467,     0,   175,   233,   181,   181,   256,     0,   443,   307,   443,   233,   233,   395,   181,   443,   181,   181,   175,   443]
[ 1787,   187,   423,   250,   455,   282,   282,   175,   443,     0,   353,     0,   455,   455,   287,   282,     0,   282,   282,   250,     0]
[ 1843,   309,   307,   465,   247,   305,   305,   194,   307,   353,     0,   353,   247,   247,   409,   305,   353,   305,   305,   465,   353]
[ 1787,   187,   423,   250,   455,   282,   282,   175,   443,     0,   353,     0,   455,   455,   287,   282,     0,   282,   282,   250,     0]
[ 2265,   274,   233,   392,     0,   235,   235,   296,   233,   455,   247,   455,     0,     0,   170,   235,   455,   235,   235,   392,   455]
[ 2265,   274,   233,   392,     0,   235,   235,   296,   233,   455,   247,   455,     0,     0,   170,   235,   455,   235,   235,   392,   455]
[ 2125,   104,   395,   221,   170,   398,   398,   458,   395,   287,   409,   287,   170,   170,     0,   398,   287,   398,   398,   221,   287]
[ 2335,   469,   181,   348,   235,     0,     0,   107,   181,   282,   305,   282,   235,   235,   398,     0,   282,     0,     0,   348,   282]
[ 1787,   187,   423,   250,   455,   282,   282,   175,   443,     0,   353,     0,   455,   455,   287,   282,     0,   282,   282,   250,     0]
[ 2335,   469,   181,   348,   235,     0,     0,   107,   181,   282,   305,   282,   235,   235,   398,     0,   282,     0,     0,   348,   282]
[ 2335,   469,   181,   348,   235,     0,     0,   107,   181,   282,   305,   282,   235,   235,   398,     0,   282,     0,     0,   348,   282]
[ 2190,   295,   175,     0,   392,   348,   348,   423,   175,   250,   465,   250,   392,   392,   221,   348,   250,   348,   348,     0,   250]
[ 1787,   187,   443,   250,   455,   282,   282,   175,   443,     0,   353,     0,   455,   455,   287,   282,     0,   282,   282,   250,     0]