CommandTime: 0.12830734252929688
AnalysisTime: 0.009137392044067383
CalculatingTime: 0.3601663112640381
OrderingTime: 0.12208938598632812
Sum: 0.6197004318237305
BuildTime: 501.2447946071625
AllTime: 501.8644950389862
Percentage: 0.12
