CalculatingTime: 0.38420534133911133
OrderingTime: 0.00020647048950195312
Sum: 0.3844118118286133
BuildTime: 501.5156943798065
AllTime: 501.90010619163513
Percentage: 0.08
