CalculatingTime: 0.4007072448730469
OrderingTime: 0.5843958854675293
Sum: 0.9851031303405762
BuildTime: 494.8456394672394
AllTime: 495.83074259757996
Percentage: 0.2
