CommandTime: 0.12677955627441406
AnalysisTime: 0.009349346160888672
CalculatingTime: 0.32750678062438965
OrderingTime: 0.10635924339294434
Sum: 0.5699949264526367
BuildTime: 498.5166220664978
AllTime: 499.08661699295044
Percentage: 0.11
