CalculatingTime: 0.3562190532684326
OrderingTime: 0.952068567276001
Sum: 1.3082876205444336
BuildTime: 489.9268970489502
AllTime: 491.23518466949463
Percentage: 0.27
