CalculatingTime: 0.23666810989379883
OrderingTime: 0.13240671157836914
Sum: 0.36907482147216797
BuildTime: 497.9193522930145
AllTime: 498.2884271144867
Percentage: 0.07
