CalculatingTime: 0.3208129405975342
OrderingTime: 0.9630959033966064
Sum: 1.2839088439941406
BuildTime: 497.67497062683105
AllTime: 498.9588794708252
Percentage: 0.26
