CommandTime: 0.12634754180908203
AnalysisTime: 0.008879899978637695
CalculatingTime: 0.32835912704467773
OrderingTime: 0.13111329078674316
Sum: 0.5946998596191406
BuildTime: 495.6701819896698
AllTime: 496.26488184928894
Percentage: 0.12
