CalculatingTime: 0.3615236282348633
OrderingTime: 0.4204251766204834
Sum: 0.7819488048553467
BuildTime: 491.0387909412384
AllTime: 491.82073974609375
Percentage: 0.16
