CalculatingTime: 0.27274417877197266
OrderingTime: 0.15520119667053223
Sum: 0.4279453754425049
BuildTime: 498.7447021007538
AllTime: 499.1726474761963
Percentage: 0.09
