CalculatingTime: 0.2503173351287842
OrderingTime: 0.10831403732299805
Sum: 0.3586313724517822
BuildTime: 489.8586745262146
AllTime: 490.2173058986664
Percentage: 0.07
