CalculatingTime: 0.39336419105529785
OrderingTime: 0.0002117156982421875
Sum: 0.39357590675354004
BuildTime: 494.82204580307007
AllTime: 495.2156217098236
Percentage: 0.08
