CalculatingTime: 0.22887444496154785
OrderingTime: 0.16006112098693848
Sum: 0.38893556594848633
BuildTime: 490.7813618183136
AllTime: 491.1702973842621
Percentage: 0.08
