CalculatingTime: 0.3648679256439209
OrderingTime: 0.00020623207092285156
Sum: 0.36507415771484375
BuildTime: 497.3834707736969
AllTime: 497.74854493141174
Percentage: 0.07
