CalculatingTime: 0.3871448040008545
OrderingTime: 0.00020503997802734375
Sum: 0.38734984397888184
BuildTime: 499.04809856414795
AllTime: 499.43544840812683
Percentage: 0.08
