CalculatingTime: 0.2653982639312744
OrderingTime: 0.09080767631530762
Sum: 0.35620594024658203
BuildTime: 491.40453267097473
AllTime: 491.7607386112213
Percentage: 0.07
