CalculatingTime: 0.23327875137329102
OrderingTime: 0.5755205154418945
Sum: 0.8087992668151855
BuildTime: 489.49258613586426
AllTime: 490.30138540267944
Percentage: 0.16
