CalculatingTime: 0.4030911922454834
OrderingTime: 0.00019884109497070312
Sum: 0.4032900333404541
BuildTime: 498.20797324180603
AllTime: 498.6112632751465
Percentage: 0.08
