CommandTime: 0.12804174423217773
AnalysisTime: 0.009112834930419922
CalculatingTime: 0.3482799530029297
OrderingTime: 0.1387622356414795
Sum: 0.6241967678070068
BuildTime: 499.9081304073334
AllTime: 500.5323271751404
Percentage: 0.12
