CalculatingTime: 0.33432865142822266
OrderingTime: 0.9762375354766846
Sum: 1.3105661869049072
BuildTime: 498.3836922645569
AllTime: 499.6942584514618
Percentage: 0.26
