CommandTime: 0.12654662132263184
AnalysisTime: 0.008762121200561523
CalculatingTime: 0.3353126049041748
OrderingTime: 0.1002802848815918
Sum: 0.57090163230896
BuildTime: 501.90356492996216
AllTime: 502.4744665622711
Percentage: 0.11
