CalculatingTime: 0.2437889575958252
OrderingTime: 0.7055997848510742
Sum: 0.9493887424468994
BuildTime: 488.5423300266266
AllTime: 489.4917187690735
Percentage: 0.19
