CalculatingTime: 0.33443737030029297
OrderingTime: 0.5793869495391846
Sum: 0.9138243198394775
BuildTime: 499.5396316051483
AllTime: 500.4534559249878
Percentage: 0.18
