CommandTime: 0.1266927719116211
AnalysisTime: 0.008599996566772461
CalculatingTime: 0.34459877014160156
OrderingTime: 0.12825822830200195
Sum: 0.6081497669219971
BuildTime: 498.9456207752228
AllTime: 499.5537705421448
Percentage: 0.12
