CalculatingTime: 0.35572171211242676
OrderingTime: 0.0001304149627685547
Sum: 0.3558521270751953
BuildTime: 500.8579647541046
AllTime: 501.2138168811798
Percentage: 0.07
