CommandTime: 0.13308358192443848
AnalysisTime: 0.008679628372192383
CalculatingTime: 0.3250246047973633
OrderingTime: 0.12252140045166016
Sum: 0.5893092155456543
BuildTime: 487.82022643089294
AllTime: 488.4095356464386
Percentage: 0.12
