CalculatingTime: 0.362868070602417
OrderingTime: 1.3361024856567383
Sum: 1.6989705562591553
BuildTime: 498.8004322052002
AllTime: 500.49940276145935
Percentage: 0.34
