CalculatingTime: 0.24715137481689453
OrderingTime: 1.2334136962890625
Sum: 1.480565071105957
BuildTime: 491.40759921073914
AllTime: 492.8881642818451
Percentage: 0.3
