CalculatingTime: 0.313385009765625
OrderingTime: 0.7771689891815186
Sum: 1.0905539989471436
BuildTime: 499.9689347743988
AllTime: 501.05948877334595
Percentage: 0.22
