CalculatingTime: 0.33794212341308594
OrderingTime: 0.6419341564178467
Sum: 0.9798762798309326
BuildTime: 499.7453932762146
AllTime: 500.72526955604553
Percentage: 0.2
