CommandTime: 0.12827467918395996
AnalysisTime: 0.009376049041748047
CalculatingTime: 0.34675168991088867
OrderingTime: 0.13341665267944336
Sum: 0.61781907081604
BuildTime: 500.6301381587982
AllTime: 501.24795722961426
Percentage: 0.12
