CalculatingTime: 0.3730325698852539
OrderingTime: 0.0002002716064453125
Sum: 0.3732328414916992
BuildTime: 492.6556043624878
AllTime: 493.0288372039795
Percentage: 0.08
