CalculatingTime: 0.39032959938049316
OrderingTime: 0.0001976490020751953
Sum: 0.39052724838256836
BuildTime: 493.86429166793823
AllTime: 494.2548189163208
Percentage: 0.08
