CommandTime: 0.12262868881225586
AnalysisTime: 0.009292364120483398
CalculatingTime: 0.34980249404907227
OrderingTime: 0.08448028564453125
Sum: 0.5662038326263428
BuildTime: 500.08022260665894
AllTime: 500.6464264392853
Percentage: 0.11
