CalculatingTime: 0.3773348331451416
OrderingTime: 0.0002110004425048828
Sum: 0.3775458335876465
BuildTime: 498.89950680732727
AllTime: 499.2770526409149
Percentage: 0.08
