CommandTime: 0.12317132949829102
AnalysisTime: 0.008862733840942383
CalculatingTime: 0.3251683712005615
OrderingTime: 0.1694343090057373
Sum: 0.6266367435455322
BuildTime: 502.50166153907776
AllTime: 503.1282982826233
Percentage: 0.12
