CommandTime: 0.13631510734558105
AnalysisTime: 0.008982181549072266
CalculatingTime: 0.3506953716278076
OrderingTime: 0.10227441787719727
Sum: 0.5982670783996582
BuildTime: 496.09277272224426
AllTime: 496.6910398006439
Percentage: 0.12
