CalculatingTime: 0.23668169975280762
OrderingTime: 0.6868329048156738
Sum: 0.9235146045684814
BuildTime: 496.75502371788025
AllTime: 497.67853832244873
Percentage: 0.19
