CalculatingTime: 0.3435354232788086
OrderingTime: 0.00020241737365722656
Sum: 0.3437378406524658
BuildTime: 499.97119092941284
AllTime: 500.3149287700653
Percentage: 0.07
