CalculatingTime: 0.34010982513427734
OrderingTime: 0.533839225769043
Sum: 0.8739490509033203
BuildTime: 494.3039035797119
AllTime: 495.17785263061523
Percentage: 0.18
