CalculatingTime: 0.3283817768096924
OrderingTime: 0.40987539291381836
Sum: 0.7382571697235107
BuildTime: 492.6189422607422
AllTime: 493.3571994304657
Percentage: 0.15
