CalculatingTime: 0.3601236343383789
OrderingTime: 1.4762473106384277
Sum: 1.8363709449768066
BuildTime: 488.55705666542053
AllTime: 490.39342761039734
Percentage: 0.37
