CalculatingTime: 0.2901296615600586
OrderingTime: 0.1244971752166748
Sum: 0.4146268367767334
BuildTime: 493.8356726169586
AllTime: 494.25029945373535
Percentage: 0.08
