CommandTime: 0.12323594093322754
AnalysisTime: 0.008835792541503906
CalculatingTime: 0.33780384063720703
OrderingTime: 0.09955024719238281
Sum: 0.5694258213043213
BuildTime: 497.8844864368439
AllTime: 498.4539122581482
Percentage: 0.11
