CalculatingTime: 0.3484988212585449
OrderingTime: 0.0001983642578125
Sum: 0.3486971855163574
BuildTime: 498.9909477233887
AllTime: 499.33964490890503
Percentage: 0.07
