CalculatingTime: 0.27036237716674805
OrderingTime: 1.1505968570709229
Sum: 1.420959234237671
BuildTime: 494.7753326892853
AllTime: 496.19629192352295
Percentage: 0.29
