CommandTime: 0.13036251068115234
AnalysisTime: 0.008781194686889648
CalculatingTime: 0.3431694507598877
OrderingTime: 0.10231161117553711
Sum: 0.5846247673034668
BuildTime: 499.40561962127686
AllTime: 499.9902443885803
Percentage: 0.12
