CommandTime: 0.1263728141784668
AnalysisTime: 0.009145975112915039
CalculatingTime: 0.3510780334472656
OrderingTime: 0.1606748104095459
Sum: 0.6472716331481934
BuildTime: 501.030513048172
AllTime: 501.6777846813202
Percentage: 0.13
