CalculatingTime: 0.3432142734527588
OrderingTime: 1.2609705924987793
Sum: 1.604184865951538
BuildTime: 498.78394174575806
AllTime: 500.3881266117096
Percentage: 0.32
