CalculatingTime: 0.3293170928955078
OrderingTime: 0.8286592960357666
Sum: 1.1579763889312744
BuildTime: 496.14303183555603
AllTime: 497.3010082244873
Percentage: 0.23
