CalculatingTime: 0.3440582752227783
OrderingTime: 0.0001437664031982422
Sum: 0.34420204162597656
BuildTime: 499.03554248809814
AllTime: 499.3797445297241
Percentage: 0.07
