CalculatingTime: 0.3834505081176758
OrderingTime: 0.00020384788513183594
Sum: 0.3836543560028076
BuildTime: 496.4095206260681
AllTime: 496.7931749820709
Percentage: 0.08
