CalculatingTime: 0.3365199565887451
OrderingTime: 0.8964591026306152
Sum: 1.2329790592193604
BuildTime: 499.01473021507263
AllTime: 500.247709274292
Percentage: 0.25
