CalculatingTime: 0.2347118854522705
OrderingTime: 0.12248516082763672
Sum: 0.3571970462799072
BuildTime: 500.8563015460968
AllTime: 501.2134985923767
Percentage: 0.07
