CalculatingTime: 0.2979869842529297
OrderingTime: 0.08190703392028809
Sum: 0.3798940181732178
BuildTime: 498.7682418823242
AllTime: 499.14813590049744
Percentage: 0.08
