CalculatingTime: 0.3469083309173584
OrderingTime: 0.6382193565368652
Sum: 0.9851276874542236
BuildTime: 496.0562915802002
AllTime: 497.0414192676544
Percentage: 0.2
