CalculatingTime: 0.2518792152404785
OrderingTime: 0.17116475105285645
Sum: 0.42304396629333496
BuildTime: 494.48482632637024
AllTime: 494.9078702926636
Percentage: 0.09
