CommandTime: 0.12205052375793457
AnalysisTime: 0.008513927459716797
CalculatingTime: 0.36876344680786133
OrderingTime: 0.15744495391845703
Sum: 0.6567728519439697
BuildTime: 499.5897870063782
AllTime: 500.24655985832214
Percentage: 0.13
