CalculatingTime: 0.26373887062072754
OrderingTime: 0.13094282150268555
Sum: 0.3946816921234131
BuildTime: 496.75012254714966
AllTime: 497.14480423927307
Percentage: 0.08
