CalculatingTime: 0.37689685821533203
OrderingTime: 0.00023984909057617188
Sum: 0.3771367073059082
BuildTime: 486.3389730453491
AllTime: 486.71610975265503
Percentage: 0.08
