CommandTime: 0.134765625
AnalysisTime: 0.00881814956665039
CalculatingTime: 0.35230183601379395
OrderingTime: 0.20776772499084473
Sum: 0.7036533355712891
BuildTime: 502.80165791511536
AllTime: 503.50531125068665
Percentage: 0.14
