CalculatingTime: 0.42058777809143066
OrderingTime: 0.0002079010009765625
Sum: 0.4207956790924072
BuildTime: 498.7235734462738
AllTime: 499.1443691253662
Percentage: 0.08
