CalculatingTime: 0.3704531192779541
OrderingTime: 0.00020194053649902344
Sum: 0.3706550598144531
BuildTime: 501.50601983070374
AllTime: 501.8766748905182
Percentage: 0.07
