CalculatingTime: 0.25357818603515625
OrderingTime: 0.1835169792175293
Sum: 0.43709516525268555
BuildTime: 500.46836590766907
AllTime: 500.90546107292175
Percentage: 0.09
