CommandTime: 0.24935007095336914
AnalysisTime: 0.006452083587646484
CalculatingTime: 0.23583269119262695
OrderingTime: 0.5084326267242432
Sum: 1.0000674724578857
BuildTime: 36.09820540746053
AllTime: 37.09827287991842
Percentage: 2.7
