CommandTime: 0.2086341381072998
AnalysisTime: 0.006560564041137695
CalculatingTime: 0.23234891891479492
OrderingTime: 0.3542306423187256
Sum: 0.801774263381958
BuildTime: 35.91086228688558
AllTime: 36.71263655026754
Percentage: 2.18
