CalculatingTime: 0.14630389213562012
OrderingTime: 0.009265899658203125
Sum: 0.15556979179382324
BuildTime: 35.99088644981384
AllTime: 36.146456241607666
Percentage: 0.43
