CommandTime: 0.20043301582336426
AnalysisTime: 0.006168842315673828
CalculatingTime: 0.2368619441986084
OrderingTime: 0.4530601501464844
Sum: 0.8965239524841309
BuildTime: 36.38629126548767
AllTime: 37.2828152179718
Percentage: 2.4
