CommandTime: 0.1883533000946045
AnalysisTime: 0.0060482025146484375
CalculatingTime: 0.2317187786102295
OrderingTime: 0.3973276615142822
Sum: 0.8234479427337646
BuildTime: 36.07534941037496
AllTime: 36.898797353108726
Percentage: 2.23
