CalculatingTime: 0.14112019538879395
OrderingTime: 0.024842500686645508
Sum: 0.16596269607543945
BuildTime: 36.104407707850136
AllTime: 36.270370403925575
Percentage: 0.46
