CalculatingTime: 0.14776015281677246
OrderingTime: 0.008675575256347656
Sum: 0.15643572807312012
BuildTime: 36.16318209966024
AllTime: 36.31961782773336
Percentage: 0.43
