CalculatingTime: 0.14239931106567383
OrderingTime: 0.008747100830078125
Sum: 0.15114641189575195
BuildTime: 35.97260363896688
AllTime: 36.12375005086263
Percentage: 0.42
