CommandTime: 0.19659924507141113
AnalysisTime: 0.006481647491455078
CalculatingTime: 0.24222803115844727
OrderingTime: 0.18937253952026367
Sum: 0.6346814632415771
BuildTime: 35.85357276598612
AllTime: 36.4882542292277
Percentage: 1.74
