CommandTime: 0.19352030754089355
AnalysisTime: 0.0065500736236572266
CalculatingTime: 0.21667003631591797
OrderingTime: 0.35479116439819336
Sum: 0.7715315818786621
BuildTime: 36.37550441424052
AllTime: 37.14703599611918
Percentage: 2.08
