CommandTime: 0.23546290397644043
AnalysisTime: 0.006445646286010742
CalculatingTime: 0.2424910068511963
OrderingTime: 0.28291773796081543
Sum: 0.7673172950744629
BuildTime: 35.93358302116394
AllTime: 36.7009003162384
Percentage: 2.09
