CommandTime: 0.1920909881591797
AnalysisTime: 0.006414175033569336
CalculatingTime: 0.23753905296325684
OrderingTime: 0.48586297035217285
Sum: 0.9219071865081787
BuildTime: 35.832748333613075
AllTime: 36.754655520121254
Percentage: 2.51
