CalculatingTime: 0.2017056941986084
OrderingTime: 0.010699272155761719
Sum: 0.21240496635437012
BuildTime: 36.013812144597374
AllTime: 36.226217110951744
Percentage: 0.59
