CommandTime: 0.2142348289489746
AnalysisTime: 0.00638580322265625
CalculatingTime: 0.2381305694580078
OrderingTime: 0.32270073890686035
Sum: 0.781451940536499
BuildTime: 35.619321982065834
AllTime: 36.40077392260233
Percentage: 2.15
