CalculatingTime: 0.15492749214172363
OrderingTime: 0.010070085525512695
Sum: 0.16499757766723633
BuildTime: 36.02329993247986
AllTime: 36.188297510147095
Percentage: 0.46
