CommandTime: 0.19638872146606445
AnalysisTime: 0.00658726692199707
CalculatingTime: 0.24097251892089844
OrderingTime: 0.18071293830871582
Sum: 0.6246614456176758
BuildTime: 35.986361265182495
AllTime: 36.61102271080017
Percentage: 1.71
