CalculatingTime: 0.15035510063171387
OrderingTime: 0.005348920822143555
Sum: 0.15570402145385742
BuildTime: 36.11680507659912
AllTime: 36.27250909805298
Percentage: 0.43
