CalculatingTime: 0.1749427318572998
OrderingTime: 0.009952306747436523
Sum: 0.18489503860473633
BuildTime: 35.780645291010536
AllTime: 35.96554032961527
Percentage: 0.51
