CalculatingTime: 0.14424538612365723
OrderingTime: 0.019286394119262695
Sum: 0.16353178024291992
BuildTime: 36.00495409965515
AllTime: 36.16848587989807
Percentage: 0.45
