CommandTime: 0.22740602493286133
AnalysisTime: 0.0066394805908203125
CalculatingTime: 0.24066495895385742
OrderingTime: 0.2738211154937744
Sum: 0.7485315799713135
BuildTime: 36.26555029551188
AllTime: 37.01408187548319
Percentage: 2.02
