CalculatingTime: 0.14702844619750977
OrderingTime: 0.009905815124511719
Sum: 0.15693426132202148
BuildTime: 36.09931516647339
AllTime: 36.25624942779541
Percentage: 0.43
