CommandTime: 0.21012473106384277
AnalysisTime: 0.006700038909912109
CalculatingTime: 0.23905348777770996
OrderingTime: 0.4104924201965332
Sum: 0.866370677947998
BuildTime: 36.23894468943278
AllTime: 37.105315367380776
Percentage: 2.33
