CalculatingTime: 0.16252613067626953
OrderingTime: 0.01008462905883789
Sum: 0.17261075973510742
BuildTime: 35.9941840171814
AllTime: 36.166794776916504
Percentage: 0.48
