CommandTime: 0.20016050338745117
AnalysisTime: 0.006356239318847656
CalculatingTime: 0.23522138595581055
OrderingTime: 0.45352602005004883
Sum: 0.8952641487121582
BuildTime: 36.31196673711141
AllTime: 37.20723088582357
Percentage: 2.41
