CalculatingTime: 0.1775519847869873
OrderingTime: 0.009982585906982422
Sum: 0.18753457069396973
BuildTime: 35.83222007751465
AllTime: 36.01975464820862
Percentage: 0.52
