CommandTime: 0.19626975059509277
AnalysisTime: 0.006504535675048828
CalculatingTime: 0.23030424118041992
OrderingTime: 0.3387329578399658
Sum: 0.7718114852905273
BuildTime: 36.16093651453654
AllTime: 36.932747999827065
Percentage: 2.09
