CommandTime: 0.2404336929321289
AnalysisTime: 0.0065953731536865234
CalculatingTime: 0.24149632453918457
OrderingTime: 0.46287035942077637
Sum: 0.9513957500457764
BuildTime: 35.917831579844155
AllTime: 36.86922732988993
Percentage: 2.58
