CalculatingTime: 0.14932537078857422
OrderingTime: 0.008992195129394531
Sum: 0.15831756591796875
BuildTime: 36.01970410346985
AllTime: 36.17802166938782
Percentage: 0.44
