CommandTime: 0.19500732421875
AnalysisTime: 0.006505012512207031
CalculatingTime: 0.23717761039733887
OrderingTime: 0.5111830234527588
Sum: 0.9498729705810547
BuildTime: 36.24108775456747
AllTime: 37.19096072514852
Percentage: 2.55
