CalculatingTime: 0.2390289306640625
OrderingTime: 0.010454416275024414
Sum: 0.24948334693908691
BuildTime: 35.72194973627726
AllTime: 35.97143308321635
Percentage: 0.69
