CalculatingTime: 0.13330817222595215
OrderingTime: 0.008863210678100586
Sum: 0.14217138290405273
BuildTime: 36.069711764653526
AllTime: 36.21188314755758
Percentage: 0.39
