CommandTime: 0.1993541717529297
AnalysisTime: 0.00625920295715332
CalculatingTime: 0.21123766899108887
OrderingTime: 0.3343236446380615
Sum: 0.7511746883392334
BuildTime: 36.212180614471436
AllTime: 36.96335530281067
Percentage: 2.03
