CalculatingTime: 0.14708638191223145
OrderingTime: 0.010631799697875977
Sum: 0.15771818161010742
BuildTime: 36.03215265274048
AllTime: 36.189870834350586
Percentage: 0.44
