CommandTime: 0.20217609405517578
AnalysisTime: 0.006244182586669922
CalculatingTime: 0.23154020309448242
OrderingTime: 0.3957390785217285
Sum: 0.8356995582580566
BuildTime: 36.019956747690834
AllTime: 36.85565630594889
Percentage: 2.27
