CalculatingTime: 0.23572182655334473
OrderingTime: 0.00986027717590332
Sum: 0.24558210372924805
BuildTime: 35.722548405329384
AllTime: 35.96813050905863
Percentage: 0.68
