CalculatingTime: 0.19184374809265137
OrderingTime: 0.005537748336791992
Sum: 0.19738149642944336
BuildTime: 36.06977995236715
AllTime: 36.26716144879659
Percentage: 0.54
