CalculatingTime: 0.1509687900543213
OrderingTime: 0.010296344757080078
Sum: 0.16126513481140137
BuildTime: 35.9619931379954
AllTime: 36.1232582728068
Percentage: 0.45
