CalculatingTime: 0.14769244194030762
OrderingTime: 0.010013103485107422
Sum: 0.15770554542541504
BuildTime: 36.041974226633705
AllTime: 36.19967977205912
Percentage: 0.44
