CalculatingTime: 0.14876747131347656
OrderingTime: 0.007439136505126953
Sum: 0.15620660781860352
BuildTime: 36.02038733164469
AllTime: 36.176593939463295
Percentage: 0.43
