CommandTime: 0.19132256507873535
AnalysisTime: 0.006705284118652344
CalculatingTime: 0.2412559986114502
OrderingTime: 0.49666380882263184
Sum: 0.9359476566314697
BuildTime: 35.67008590698242
AllTime: 36.60603356361389
Percentage: 2.56
