CalculatingTime: 0.1446971893310547
OrderingTime: 0.009872913360595703
Sum: 0.1545701026916504
BuildTime: 36.16470694541931
AllTime: 36.31927704811096
Percentage: 0.43
