CommandTime: 0.22607183456420898
AnalysisTime: 0.0062754154205322266
CalculatingTime: 0.24534010887145996
OrderingTime: 0.47843241691589355
Sum: 0.9561197757720947
BuildTime: 36.22144834200541
AllTime: 37.177568117777504
Percentage: 2.57
