CommandTime: 0.21486377716064453
AnalysisTime: 0.0063169002532958984
CalculatingTime: 0.2387526035308838
OrderingTime: 0.41231870651245117
Sum: 0.8722519874572754
BuildTime: 35.975640535354614
AllTime: 36.84789252281189
Percentage: 2.37
