CalculatingTime: 0.1531834602355957
OrderingTime: 0.011889457702636719
Sum: 0.16507291793823242
BuildTime: 35.873552083969116
AllTime: 36.03862500190735
Percentage: 0.46
