CalculatingTime: 0.20827651023864746
OrderingTime: 0.0103912353515625
Sum: 0.21866774559020996
BuildTime: 36.071486473083496
AllTime: 36.290154218673706
Percentage: 0.6
