CommandTime: 0.190751314163208
AnalysisTime: 0.006365299224853516
CalculatingTime: 0.23836636543273926
OrderingTime: 0.28586792945861816
Sum: 0.721350908279419
BuildTime: 35.85982592900594
AllTime: 36.58117683728536
Percentage: 1.97
