CommandTime: 0.211503267288208
AnalysisTime: 0.006075620651245117
CalculatingTime: 0.23360276222229004
OrderingTime: 0.5374851226806641
Sum: 0.9886667728424072
BuildTime: 36.35788369178772
AllTime: 37.34655046463013
Percentage: 2.65
