CommandTime: 0.19600605964660645
AnalysisTime: 0.006398439407348633
CalculatingTime: 0.24007153511047363
OrderingTime: 0.42540574073791504
Sum: 0.8678817749023438
BuildTime: 35.68671226501465
AllTime: 36.55459403991699
Percentage: 2.37
