CommandTime: 0.1965930461883545
AnalysisTime: 0.006452798843383789
CalculatingTime: 0.2358999252319336
OrderingTime: 0.5466465950012207
Sum: 0.9855923652648926
BuildTime: 36.18036953608195
AllTime: 37.16596190134684
Percentage: 2.65
