CommandTime: 0.19643425941467285
AnalysisTime: 0.006525993347167969
CalculatingTime: 0.23824620246887207
OrderingTime: 0.32564258575439453
Sum: 0.7668490409851074
BuildTime: 36.10788814226786
AllTime: 36.87473718325297
Percentage: 2.08
