CalculatingTime: 0.14464235305786133
OrderingTime: 0.005146503448486328
Sum: 0.14978885650634766
BuildTime: 36.12614870071411
AllTime: 36.27593755722046
Percentage: 0.41
