CalculatingTime: 0.14127516746520996
OrderingTime: 0.009843587875366211
Sum: 0.15111875534057617
BuildTime: 36.02245616912842
AllTime: 36.173574924468994
Percentage: 0.42
