CommandTime: 0.19456911087036133
AnalysisTime: 0.006279468536376953
CalculatingTime: 0.24152064323425293
OrderingTime: 0.4290430545806885
Sum: 0.8714122772216797
BuildTime: 35.791755517323814
AllTime: 36.663167794545494
Percentage: 2.38
