CommandTime: 0.19999194145202637
AnalysisTime: 0.006201505661010742
CalculatingTime: 0.22970938682556152
OrderingTime: 0.5002002716064453
Sum: 0.936103105545044
BuildTime: 36.275697549184166
AllTime: 37.21180065472921
Percentage: 2.52
