CalculatingTime: 0.13990139961242676
OrderingTime: 0.022448062896728516
Sum: 0.16234946250915527
BuildTime: 35.89335513114929
AllTime: 36.05570459365845
Percentage: 0.45
