CommandTime: 0.2015073299407959
AnalysisTime: 0.00637507438659668
CalculatingTime: 0.2472071647644043
OrderingTime: 0.5066080093383789
Sum: 0.9616975784301758
BuildTime: 36.082471450169884
AllTime: 37.04416902860006
Percentage: 2.6
