CalculatingTime: 0.18100380897521973
OrderingTime: 0.008183002471923828
Sum: 0.18918681144714355
BuildTime: 35.97991442680359
AllTime: 36.16910123825073
Percentage: 0.52
