CommandTime: 0.21497631072998047
AnalysisTime: 0.006217002868652344
CalculatingTime: 0.2612035274505615
OrderingTime: 0.6384694576263428
Sum: 1.120866298675537
BuildTime: 35.97454333305359
AllTime: 37.095409631729126
Percentage: 3.02
