CalculatingTime: 0.22915911674499512
OrderingTime: 0.008135795593261719
Sum: 0.23729491233825684
BuildTime: 36.15492955843607
AllTime: 36.39222447077433
Percentage: 0.65
