CommandTime: 0.19734477996826172
AnalysisTime: 0.006410360336303711
CalculatingTime: 0.24286746978759766
OrderingTime: 0.3948547840118408
Sum: 0.8414773941040039
BuildTime: 36.21415774027506
AllTime: 37.05563513437907
Percentage: 2.27
