CalculatingTime: 0.16734623908996582
OrderingTime: 0.008595943450927734
Sum: 0.17594218254089355
BuildTime: 36.0303111076355
AllTime: 36.20625329017639
Percentage: 0.49
