CalculatingTime: 0.20549583435058594
OrderingTime: 0.008951425552368164
Sum: 0.2144472599029541
BuildTime: 36.10981925328573
AllTime: 36.32426651318868
Percentage: 0.59
