CalculatingTime: 0.2135927677154541
OrderingTime: 0.009903669357299805
Sum: 0.2234964370727539
BuildTime: 36.19288412729899
AllTime: 36.41638056437174
Percentage: 0.61
