CommandTime: 0.20948553085327148
AnalysisTime: 0.006498575210571289
CalculatingTime: 0.23343944549560547
OrderingTime: 0.45029234886169434
Sum: 0.8997159004211426
BuildTime: 36.111794551213585
AllTime: 37.01151045163473
Percentage: 2.43
