CalculatingTime: 2.7516767978668213
OrderingTime: 0.32976388931274414
Sum: 3.0814406871795654
BuildTime: 2279.2894043922424
AllTime: 2282.370845079422
Percentage: 0.14
