CalculatingTime: 3.0902364253997803
OrderingTime: 0.2231156826019287
Sum: 3.313352108001709
BuildTime: 2289.1896896362305
AllTime: 2292.503041744232
Percentage: 0.14
