CalculatingTime: 1.5071544647216797
OrderingTime: 0.3049294948577881
Sum: 1.8120839595794678
BuildTime: 2925.7566039562225
AllTime: 2927.568687915802
Percentage: 0.06
