CalculatingTime: 2.7050294876098633
OrderingTime: 0.22115659713745117
Sum: 2.9261860847473145
BuildTime: 2938.2625603675842
AllTime: 2941.1887464523315
Percentage: 0.1
