CalculatingTime: 1.5985698699951172
OrderingTime: 0.09964561462402344
Sum: 1.6982154846191406
BuildTime: 3139.011611700058
AllTime: 3140.709827184677
Percentage: 0.05
