CalculatingTime: 3.3978254795074463
OrderingTime: 1.2112128734588623
Sum: 4.609038352966309
BuildTime: 3316.9198608398438
AllTime: 3321.52889919281
Percentage: 0.14
