CalculatingTime: 2.99043607711792
OrderingTime: 0.8315780162811279
Sum: 3.822014093399048
BuildTime: 2288.1716911792755
AllTime: 2291.9937052726746
Percentage: 0.17
