CalculatingTime: 1.3989858627319336
OrderingTime: 0.31131505966186523
Sum: 1.7103009223937988
BuildTime: 2697.550479888916
AllTime: 2699.26078081131
Percentage: 0.06
