CalculatingTime: 1.4847180843353271
OrderingTime: 0.38707399368286133
Sum: 1.8717920780181885
BuildTime: 2495.7190685272217
AllTime: 2497.59086060524
Percentage: 0.07
