CommandTime: 5.667181968688965
AnalysisTime: 0.05650520324707031
CalculatingTime: 2.7964179515838623
OrderingTime: 0.21172308921813965
Sum: 8.731828212738037
BuildTime: 2071.9680898189545
AllTime: 2080.6999180316925
Percentage: 0.42
