CalculatingTime: 2.803018093109131
OrderingTime: 0.0002028942108154297
Sum: 2.8032209873199463
BuildTime: 2065.272097349167
AllTime: 2068.075318336487
Percentage: 0.14
