CommandTime: 5.6545820236206055
AnalysisTime: 0.056191444396972656
CalculatingTime: 2.8846168518066406
OrderingTime: 0.320697546005249
Sum: 8.916087865829468
BuildTime: 2290.967981338501
AllTime: 2299.8840692043304
Percentage: 0.39
