CommandTime: 5.647323131561279
AnalysisTime: 0.05565667152404785
CalculatingTime: 2.720479965209961
OrderingTime: 0.7529432773590088
Sum: 9.176403045654297
BuildTime: 2074.297721385956
AllTime: 2083.47412443161
Percentage: 0.44
