CalculatingTime: 3.319092035293579
OrderingTime: 0.0002117156982421875
Sum: 3.3193037509918213
BuildTime: 1654.482703447342
AllTime: 1657.8020071983337
Percentage: 0.2
