CalculatingTime: 2.8789868354797363
OrderingTime: 0.0002028942108154297
Sum: 2.8791897296905518
BuildTime: 2054.843021631241
AllTime: 2057.7222113609314
Percentage: 0.14
