CalculatingTime: 2.787816286087036
OrderingTime: 0.500267744064331
Sum: 3.288084030151367
BuildTime: 2278.2482776641846
AllTime: 2281.536361694336
Percentage: 0.14
