CalculatingTime: 2.8673033714294434
OrderingTime: 0.0001766681671142578
Sum: 2.8674800395965576
BuildTime: 1863.310144662857
AllTime: 1866.1776247024536
Percentage: 0.15
