CalculatingTime: 2.889737367630005
OrderingTime: 0.3873004913330078
Sum: 3.2770378589630127
BuildTime: 2923.655555009842
AllTime: 2926.932592868805
Percentage: 0.11
