CalculatingTime: 1.374523401260376
OrderingTime: 0.3940253257751465
Sum: 1.7685487270355225
BuildTime: 2730.2078008651733
AllTime: 2731.976349592209
Percentage: 0.06
