CommandTime: 5.360796213150024
AnalysisTime: 0.0527803897857666
CalculatingTime: 2.7676165103912354
OrderingTime: 0.3409004211425781
Sum: 8.522093534469604
BuildTime: 1871.2246079444885
AllTime: 1879.7467014789581
Percentage: 0.45
