CalculatingTime: 2.566056489944458
OrderingTime: 0.0002257823944091797
Sum: 2.566282272338867
BuildTime: 1853.4077916145325
AllTime: 1855.9740738868713
Percentage: 0.14
