CommandTime: 5.67608380317688
AnalysisTime: 0.05409359931945801
CalculatingTime: 2.5111849308013916
OrderingTime: 0.3334214687347412
Sum: 8.57478380203247
BuildTime: 1878.3161368370056
AllTime: 1886.890920639038
Percentage: 0.45
