CommandTime: 5.518582582473755
AnalysisTime: 0.053234100341796875
CalculatingTime: 2.661583423614502
OrderingTime: 0.46248412132263184
Sum: 8.695884227752686
BuildTime: 1867.135172843933
AllTime: 1875.8310570716858
Percentage: 0.46
