CalculatingTime: 1.6537055969238281
OrderingTime: 0.16867613792419434
Sum: 1.8223817348480225
BuildTime: 2926.7134222984314
AllTime: 2928.5358040332794
Percentage: 0.06
