CalculatingTime: 2.7883412837982178
OrderingTime: 0.18308568000793457
Sum: 2.9714269638061523
BuildTime: 2929.164178609848
AllTime: 2932.135605573654
Percentage: 0.1
