CalculatingTime: 3.0771877765655518
OrderingTime: 0.00021266937255859375
Sum: 3.0774004459381104
BuildTime: 2070.8020582199097
AllTime: 2073.879458665848
Percentage: 0.15
