CalculatingTime: 2.9380946159362793
OrderingTime: 0.05367779731750488
Sum: 2.991772413253784
BuildTime: 2500.089741706848
AllTime: 2503.081514120102
Percentage: 0.12
