CalculatingTime: 2.884281873703003
OrderingTime: 0.00021386146545410156
Sum: 2.884495735168457
BuildTime: 2288.9679775238037
AllTime: 2291.852473258972
Percentage: 0.13
