CalculatingTime: 1.5788133144378662
OrderingTime: 0.1259617805480957
Sum: 1.704775094985962
BuildTime: 2930.8383898735046
AllTime: 2932.5431649684906
Percentage: 0.06
