CalculatingTime: 1.560363531112671
OrderingTime: 0.6358330249786377
Sum: 2.1961965560913086
BuildTime: 2487.5906744003296
AllTime: 2489.786870956421
Percentage: 0.09
