CalculatingTime: 2.846918821334839
OrderingTime: 0.00017642974853515625
Sum: 2.847095251083374
BuildTime: 1652.2853589057922
AllTime: 1655.1324541568756
Percentage: 0.17
