CalculatingTime: 3.353239059448242
OrderingTime: 0.418804407119751
Sum: 3.772043466567993
BuildTime: 2286.085284471512
AllTime: 2289.85732793808
Percentage: 0.16
