CommandTime: 5.419780254364014
AnalysisTime: 0.05441117286682129
CalculatingTime: 2.543323516845703
OrderingTime: 0.3073256015777588
Sum: 8.324840545654297
BuildTime: 1874.3105673789978
AllTime: 1882.635407924652
Percentage: 0.44
