CommandTime: 5.374042987823486
AnalysisTime: 0.0556333065032959
CalculatingTime: 2.6430177688598633
OrderingTime: 0.14571738243103027
Sum: 8.218411445617676
BuildTime: 1857.0289099216461
AllTime: 1865.2473213672638
Percentage: 0.44
