CalculatingTime: 1.5732812881469727
OrderingTime: 0.22747588157653809
Sum: 1.8007571697235107
BuildTime: 3349.1170885562897
AllTime: 3350.917845726013
Percentage: 0.05
