CalculatingTime: 2.671689510345459
OrderingTime: 0.271315336227417
Sum: 2.943004846572876
BuildTime: 2925.6233377456665
AllTime: 2928.5663425922394
Percentage: 0.1
