CalculatingTime: 3.634917736053467
OrderingTime: 0.0514223575592041
Sum: 3.686340093612671
BuildTime: 3347.2283029556274
AllTime: 3350.91464304924
Percentage: 0.11
