CalculatingTime: 1.5038063526153564
OrderingTime: 0.17650246620178223
Sum: 1.6803088188171387
BuildTime: 2723.431209087372
AllTime: 2725.111517906189
Percentage: 0.06
