CalculatingTime: 1.435422420501709
OrderingTime: 0.3631479740142822
Sum: 1.7985703945159912
BuildTime: 3133.789858341217
AllTime: 3135.588428735733
Percentage: 0.06
