CommandTime: 5.747527599334717
AnalysisTime: 0.05498480796813965
CalculatingTime: 2.605029821395874
OrderingTime: 0.15165376663208008
Sum: 8.55919599533081
BuildTime: 2291.8720622062683
AllTime: 2300.431258201599
Percentage: 0.37
