CalculatingTime: 1.5835120677947998
OrderingTime: 0.11136221885681152
Sum: 1.6948742866516113
BuildTime: 3567.2082755565643
AllTime: 3568.903149843216
Percentage: 0.05
