CommandTime: 5.418497562408447
AnalysisTime: 0.05476117134094238
CalculatingTime: 2.8404481410980225
OrderingTime: 0.30149054527282715
Sum: 8.61519742012024
BuildTime: 2075.2288360595703
AllTime: 2083.8440334796906
Percentage: 0.41
