CommandTime: 5.32614803314209
AnalysisTime: 0.055155038833618164
CalculatingTime: 2.6901402473449707
OrderingTime: 0.48245787620544434
Sum: 8.553901195526123
BuildTime: 1654.2158207893372
AllTime: 1662.7697219848633
Percentage: 0.51
