CalculatingTime: 2.956925630569458
OrderingTime: 0.7273128032684326
Sum: 3.6842384338378906
BuildTime: 3132.7992401123047
AllTime: 3136.4834785461426
Percentage: 0.12
