CalculatingTime: 2.9349725246429443
OrderingTime: 0.18538641929626465
Sum: 3.120358943939209
BuildTime: 2500.573558330536
AllTime: 2503.693917274475
Percentage: 0.12
