CalculatingTime: 2.615758180618286
OrderingTime: 0.00020742416381835938
Sum: 2.6159656047821045
BuildTime: 2065.1007511615753
AllTime: 2067.7167167663574
Percentage: 0.13
