CommandTime: 5.289527177810669
AnalysisTime: 0.05329155921936035
CalculatingTime: 2.9151673316955566
OrderingTime: 0.12461614608764648
Sum: 8.382602214813232
BuildTime: 1658.7798948287964
AllTime: 1667.1624970436096
Percentage: 0.5
