CalculatingTime: 3.0707449913024902
OrderingTime: 0.7512555122375488
Sum: 3.822000503540039
BuildTime: 2502.5255110263824
AllTime: 2506.3475115299225
Percentage: 0.15
