CalculatingTime: 1.4158756732940674
OrderingTime: 0.3640134334564209
Sum: 1.7798891067504883
BuildTime: 3765.1584503650665
AllTime: 3766.938339471817
Percentage: 0.05
