CalculatingTime: 3.0881824493408203
OrderingTime: 0.00022983551025390625
Sum: 3.088412284851074
BuildTime: 1853.7645180225372
AllTime: 1856.8529303073883
Percentage: 0.17
