CalculatingTime: 2.8305673599243164
OrderingTime: 0.00019979476928710938
Sum: 2.8307671546936035
BuildTime: 1849.0804841518402
AllTime: 1851.9112513065338
Percentage: 0.15
