CommandTime: 5.119016885757446
AnalysisTime: 0.05269217491149902
CalculatingTime: 2.931206464767456
OrderingTime: 0.7187082767486572
Sum: 8.821623802185059
BuildTime: 1861.3028981685638
AllTime: 1870.124521970749
Percentage: 0.47
