CalculatingTime: 2.6120705604553223
OrderingTime: 0.0002071857452392578
Sum: 2.6122777462005615
BuildTime: 2070.7109003067017
AllTime: 2073.323178052902
Percentage: 0.13
