CalculatingTime: 3.180215358734131
OrderingTime: 0.00020051002502441406
Sum: 3.1804158687591553
BuildTime: 1861.9281899929047
AllTime: 1865.1086058616638
Percentage: 0.17
