CommandTime: 5.645965576171875
AnalysisTime: 0.0572512149810791
CalculatingTime: 2.7502682209014893
OrderingTime: 0.21653246879577637
Sum: 8.67001748085022
BuildTime: 2061.4860002994537
AllTime: 2070.156017780304
Percentage: 0.42
