CommandTime: 5.62790846824646
AnalysisTime: 0.05356574058532715
CalculatingTime: 2.823439836502075
OrderingTime: 0.3750288486480713
Sum: 8.879942893981934
BuildTime: 2072.8388209342957
AllTime: 2081.7187638282776
Percentage: 0.43
