CalculatingTime: 2.737151861190796
OrderingTime: 0.9337444305419922
Sum: 3.670896291732788
BuildTime: 2063.1765904426575
AllTime: 2066.8474867343903
Percentage: 0.18
