CalculatingTime: 3.1339640617370605
OrderingTime: 0.00019979476928710938
Sum: 3.1341638565063477
BuildTime: 2065.521085500717
AllTime: 2068.6552493572235
Percentage: 0.15
