CalculatingTime: 1.5074386596679688
OrderingTime: 0.08627843856811523
Sum: 1.593717098236084
BuildTime: 3155.6103014945984
AllTime: 3157.2040185928345
Percentage: 0.05
