CalculatingTime: 2.5807981491088867
OrderingTime: 0.00018835067749023438
Sum: 2.580986499786377
BuildTime: 1854.6881816387177
AllTime: 1857.269168138504
Percentage: 0.14
