CalculatingTime: 1.6461410522460938
OrderingTime: 0.9344656467437744
Sum: 2.580606698989868
BuildTime: 2933.242245197296
AllTime: 2935.822851896286
Percentage: 0.09
