CalculatingTime: 1.5800933837890625
OrderingTime: 0.0994718074798584
Sum: 1.679565191268921
BuildTime: 3580.5959429740906
AllTime: 3582.2755081653595
Percentage: 0.05
