CalculatingTime: 3.0476291179656982
OrderingTime: 0.00018167495727539062
Sum: 3.0478107929229736
BuildTime: 1852.8620007038116
AllTime: 1855.9098114967346
Percentage: 0.16
