CommandTime: 5.519644021987915
AnalysisTime: 0.05576896667480469
CalculatingTime: 2.642240047454834
OrderingTime: 0.2466263771057129
Sum: 8.464279413223267
BuildTime: 1845.1994395256042
AllTime: 1853.6637189388275
Percentage: 0.46
