CommandTime: 0.5950326919555664
AnalysisTime: 0.010600566864013672
CalculatingTime: 0.6325488090515137
OrderingTime: 0.047235727310180664
Sum: 1.2854177951812744
BuildTime: 2359.896064043045
AllTime: 2361.1814818382263
Percentage: 0.05
