CalculatingTime: 0.3351304531097412
OrderingTime: 0.018702268600463867
Sum: 0.3538327217102051
BuildTime: 2331.709934155146
AllTime: 2332.0637668768563
Percentage: 0.02
