CommandTime: 0.595555305480957
AnalysisTime: 0.01247096061706543
CalculatingTime: 0.8019928932189941
OrderingTime: 0.2799992561340332
Sum: 1.6900184154510498
BuildTime: 2323.95698316892
AllTime: 2325.647001584371
Percentage: 0.07
