CalculatingTime: 0.2988722324371338
OrderingTime: 0.016010046005249023
Sum: 0.3148822784423828
BuildTime: 2338.590310970942
AllTime: 2338.9051932493844
Percentage: 0.01
