CommandTime: 0.6015236377716064
AnalysisTime: 0.014167547225952148
CalculatingTime: 1.0070302486419678
OrderingTime: 0.04828166961669922
Sum: 1.6710031032562256
BuildTime: 2354.0926683743796
AllTime: 2355.763671477636
Percentage: 0.07
