CalculatingTime: 0.2563011646270752
OrderingTime: 0.013554811477661133
Sum: 0.26985597610473633
BuildTime: 2414.6978265444436
AllTime: 2414.9676825205484
Percentage: 0.01
