CommandTime: 0.6231539249420166
AnalysisTime: 0.014470100402832031
CalculatingTime: 0.9937574863433838
OrderingTime: 0.09121251106262207
Sum: 1.7225940227508545
BuildTime: 2325.2914322217307
AllTime: 2327.0140262444816
Percentage: 0.07
