CalculatingTime: 0.3108201026916504
OrderingTime: 0.015887975692749023
Sum: 0.3267080783843994
BuildTime: 2305.32439605395
AllTime: 2305.6511041323342
Percentage: 0.01
