CommandTime: 0.6458702087402344
AnalysisTime: 0.014709949493408203
CalculatingTime: 0.9876625537872314
OrderingTime: 0.09903907775878906
Sum: 1.747281789779663
BuildTime: 2335.844682455063
AllTime: 2337.5919642448425
Percentage: 0.07
