CalculatingTime: 0.23450255393981934
OrderingTime: 0.012215375900268555
Sum: 0.2467179298400879
BuildTime: 2390.9065358638763
AllTime: 2391.1532537937164
Percentage: 0.01
