CalculatingTime: 0.3015880584716797
OrderingTime: 0.017154693603515625
Sum: 0.3187427520751953
BuildTime: 2383.8120559851327
AllTime: 2384.130798737208
Percentage: 0.01
