CalculatingTime: 0.23671174049377441
OrderingTime: 0.012153863906860352
Sum: 0.24886560440063477
BuildTime: 2365.779911915461
AllTime: 2366.0287775198617
Percentage: 0.01
