CalculatingTime: 0.22194361686706543
OrderingTime: 0.013216972351074219
Sum: 0.23516058921813965
BuildTime: 2390.7093467712402
AllTime: 2390.9445073604584
Percentage: 0.01
