CommandTime: 0.5790565013885498
AnalysisTime: 0.010740041732788086
CalculatingTime: 0.7227046489715576
OrderingTime: 0.09272027015686035
Sum: 1.4052214622497559
BuildTime: 2383.1748241583505
AllTime: 2384.5800456206002
Percentage: 0.06
