CommandTime: 0.628861665725708
AnalysisTime: 0.01584601402282715
CalculatingTime: 1.0223708152770996
OrderingTime: 0.09120392799377441
Sum: 1.7582824230194092
BuildTime: 2338.9917500019073
AllTime: 2340.7500324249268
Percentage: 0.08
