CommandTime: 0.6015276908874512
AnalysisTime: 0.011733770370483398
CalculatingTime: 0.722614049911499
OrderingTime: 0.05926871299743652
Sum: 1.3951442241668701
BuildTime: 2344.3999825318656
AllTime: 2345.7951267560325
Percentage: 0.06
