CalculatingTime: 0.2259507179260254
OrderingTime: 0.012198448181152344
Sum: 0.23814916610717773
BuildTime: 2404.6034745375314
AllTime: 2404.8416237036386
Percentage: 0.01
