CalculatingTime: 0.2957782745361328
OrderingTime: 0.016085386276245117
Sum: 0.31186366081237793
BuildTime: 2344.5775899887085
AllTime: 2344.889453649521
Percentage: 0.01
