CalculatingTime: 0.26076793670654297
OrderingTime: 0.013860940933227539
Sum: 0.2746288776397705
BuildTime: 2341.786453406016
AllTime: 2342.0610822836557
Percentage: 0.01
