CalculatingTime: 0.3153047561645508
OrderingTime: 0.01957225799560547
Sum: 0.33487701416015625
BuildTime: 2353.550961494446
AllTime: 2353.885838508606
Percentage: 0.01
