CalculatingTime: 0.2576460838317871
OrderingTime: 0.01389312744140625
Sum: 0.27153921127319336
BuildTime: 2363.9828804334006
AllTime: 2364.254419644674
Percentage: 0.01
