CalculatingTime: 0.2642669677734375
OrderingTime: 0.014078617095947266
Sum: 0.27834558486938477
BuildTime: 2306.003271420797
AllTime: 2306.2816170056662
Percentage: 0.01
