CalculatingTime: 0.25643229484558105
OrderingTime: 0.014615535736083984
Sum: 0.27104783058166504
BuildTime: 2322.2823811372123
AllTime: 2322.553428967794
Percentage: 0.01
