CalculatingTime: 0.31531214714050293
OrderingTime: 0.016959190368652344
Sum: 0.3322713375091553
BuildTime: 2359.3017756938934
AllTime: 2359.6340470314026
Percentage: 0.01
