CalculatingTime: 0.3053450584411621
OrderingTime: 0.016958236694335938
Sum: 0.32230329513549805
BuildTime: 2330.705840110779
AllTime: 2331.0281434059143
Percentage: 0.01
