CommandTime: 0.6084136962890625
AnalysisTime: 0.014257431030273438
CalculatingTime: 0.9499237537384033
OrderingTime: 0.035650014877319336
Sum: 1.6082448959350586
BuildTime: 2343.6335200468698
AllTime: 2345.241764942805
Percentage: 0.07
