CommandTime: 0.6127960681915283
AnalysisTime: 0.013775348663330078
CalculatingTime: 0.8919870853424072
OrderingTime: 0.07123780250549316
Sum: 1.5897963047027588
BuildTime: 2350.369669119517
AllTime: 2351.9594654242196
Percentage: 0.07
