CalculatingTime: 0.30048179626464844
OrderingTime: 0.015740156173706055
Sum: 0.3162219524383545
BuildTime: 2341.526799360911
AllTime: 2341.8430213133493
Percentage: 0.01
