CommandTime: 0.5983891487121582
AnalysisTime: 0.012621641159057617
CalculatingTime: 0.876701831817627
OrderingTime: 0.2096564769744873
Sum: 1.69736909866333
BuildTime: 2345.1159144242606
AllTime: 2346.813283522924
Percentage: 0.07
