CalculatingTime: 0.29062342643737793
OrderingTime: 0.015590667724609375
Sum: 0.3062140941619873
BuildTime: 2354.4478861490884
AllTime: 2354.7541002432504
Percentage: 0.01
