CommandTime: 0.60599684715271
AnalysisTime: 0.013623714447021484
CalculatingTime: 0.9133543968200684
OrderingTime: 0.0911400318145752
Sum: 1.624114990234375
BuildTime: 2343.2291447321572
AllTime: 2344.8532597223916
Percentage: 0.07
