CalculatingTime: 0.2998805046081543
OrderingTime: 0.01585245132446289
Sum: 0.3157329559326172
BuildTime: 2371.2947442531586
AllTime: 2371.610477209091
Percentage: 0.01
