CalculatingTime: 0.24543213844299316
OrderingTime: 0.012869596481323242
Sum: 0.2583017349243164
BuildTime: 2332.5673917134604
AllTime: 2332.8256934483848
Percentage: 0.01
