CommandTime: 0.6181416511535645
AnalysisTime: 0.015171051025390625
CalculatingTime: 1.005248785018921
OrderingTime: 0.09453439712524414
Sum: 1.7330958843231201
BuildTime: 2333.602641503016
AllTime: 2335.335737387339
Percentage: 0.07
