CalculatingTime: 0.2924816608428955
OrderingTime: 0.016701698303222656
Sum: 0.30918335914611816
BuildTime: 2355.494305451711
AllTime: 2355.8034888108573
Percentage: 0.01
