CommandTime: 0.5906343460083008
AnalysisTime: 0.009650707244873047
CalculatingTime: 0.4994971752166748
OrderingTime: 0.05442667007446289
Sum: 1.1542088985443115
BuildTime: 2369.2646799882255
AllTime: 2370.4188888867698
Percentage: 0.05
