CommandTime: 0.5835402011871338
AnalysisTime: 0.009752988815307617
CalculatingTime: 0.5025069713592529
OrderingTime: 0.19322586059570312
Sum: 1.2890260219573975
BuildTime: 2371.4637282689414
AllTime: 2372.752754290899
Percentage: 0.05
