CommandTime: 0.6265072822570801
AnalysisTime: 0.011777639389038086
CalculatingTime: 0.7260475158691406
OrderingTime: 0.09506654739379883
Sum: 1.4593989849090576
BuildTime: 2339.1173440615335
AllTime: 2340.5767430464425
Percentage: 0.06
