CommandTime: 0.6027443408966064
AnalysisTime: 0.016068220138549805
CalculatingTime: 0.7635166645050049
OrderingTime: 0.0883786678314209
Sum: 1.470707893371582
BuildTime: 2307.325166861216
AllTime: 2308.7958747545877
Percentage: 0.06
