CalculatingTime: 0.24022269248962402
OrderingTime: 0.012470006942749023
Sum: 0.25269269943237305
BuildTime: 2350.5769340991974
AllTime: 2350.8296267986298
Percentage: 0.01
