CommandTime: 0.6025011539459229
AnalysisTime: 0.014937162399291992
CalculatingTime: 0.8007376194000244
OrderingTime: 0.04490065574645996
Sum: 1.4630765914916992
BuildTime: 2383.7006183465323
AllTime: 2385.163694938024
Percentage: 0.06
