CommandTime: 0.6159512996673584
AnalysisTime: 0.013954877853393555
CalculatingTime: 0.9067699909210205
OrderingTime: 0.04608297348022461
Sum: 1.582759141921997
BuildTime: 2322.255267381668
AllTime: 2323.83802652359
Percentage: 0.07
