CommandTime: 0.6360683441162109
AnalysisTime: 0.010468482971191406
CalculatingTime: 0.6138653755187988
OrderingTime: 0.0793142318725586
Sum: 1.3397164344787598
BuildTime: 2336.538721958796
AllTime: 2337.878438393275
Percentage: 0.06
