CommandTime: 0.577674388885498
AnalysisTime: 0.011419296264648438
CalculatingTime: 0.7222800254821777
OrderingTime: 0.044667959213256836
Sum: 1.356041669845581
BuildTime: 2389.037602186203
AllTime: 2390.3936438560486
Percentage: 0.06
