CalculatingTime: 0.2481825351715088
OrderingTime: 0.013451814651489258
Sum: 0.26163434982299805
BuildTime: 2367.99844678243
AllTime: 2368.260081132253
Percentage: 0.01
