CommandTime: 0.5900602340698242
AnalysisTime: 0.011521100997924805
CalculatingTime: 0.6948511600494385
OrderingTime: 0.15119647979736328
Sum: 1.4476289749145508
BuildTime: 2396.259381135305
AllTime: 2397.7070101102195
Percentage: 0.06
