CommandTime: 0.6165316104888916
AnalysisTime: 0.012144804000854492
CalculatingTime: 0.7766907215118408
OrderingTime: 0.09393453598022461
Sum: 1.4993016719818115
BuildTime: 2373.7082409858704
AllTime: 2375.207542657852
Percentage: 0.06
