CommandTime: 0.6517448425292969
AnalysisTime: 0.015842437744140625
CalculatingTime: 1.085735559463501
OrderingTime: 0.03750014305114746
Sum: 1.790822982788086
BuildTime: 2309.5149709383645
AllTime: 2311.3057939211526
Percentage: 0.08
