CommandTime: 0.5946235656738281
AnalysisTime: 0.01326608657836914
CalculatingTime: 0.8659751415252686
OrderingTime: 0.1702256202697754
Sum: 1.6440904140472412
BuildTime: 2336.4517261981964
AllTime: 2338.0958166122437
Percentage: 0.07
