CalculatingTime: 0.2591278553009033
OrderingTime: 0.014026165008544922
Sum: 0.27315402030944824
BuildTime: 2335.5646437803903
AllTime: 2335.8377978006997
Percentage: 0.01
