CommandTime: 0.609175443649292
AnalysisTime: 0.013812780380249023
CalculatingTime: 0.9091479778289795
OrderingTime: 0.11489462852478027
Sum: 1.6470308303833008
BuildTime: 2339.509569247564
AllTime: 2341.156600077947
Percentage: 0.07
