CalculatingTime: 0.3280775547027588
OrderingTime: 0.017037391662597656
Sum: 0.34511494636535645
BuildTime: 2326.3927994569144
AllTime: 2326.73791440328
Percentage: 0.01
