CalculatingTime: 0.2573525905609131
OrderingTime: 0.013360023498535156
Sum: 0.27071261405944824
BuildTime: 2398.6050185362496
AllTime: 2398.875731150309
Percentage: 0.01
