CalculatingTime: 0.26895856857299805
OrderingTime: 0.015204906463623047
Sum: 0.2841634750366211
BuildTime: 2400.9901169141135
AllTime: 2401.27428038915
Percentage: 0.01
