CommandTime: 0.6439571380615234
AnalysisTime: 0.014089345932006836
CalculatingTime: 0.9141294956207275
OrderingTime: 0.248091459274292
Sum: 1.8202674388885498
BuildTime: 2327.3705190817514
AllTime: 2329.19078652064
Percentage: 0.08
