CommandTime: 0.6158878803253174
AnalysisTime: 0.01750659942626953
CalculatingTime: 1.1014213562011719
OrderingTime: 0.0414731502532959
Sum: 1.7762889862060547
BuildTime: 2317.278615077337
AllTime: 2319.054904063543
Percentage: 0.08
