CalculatingTime: 0.3149406909942627
OrderingTime: 0.017004013061523438
Sum: 0.33194470405578613
BuildTime: 2315.2511806488037
AllTime: 2315.5831253528595
Percentage: 0.01
