CommandTime: 0.5948057174682617
AnalysisTime: 0.010628223419189453
CalculatingTime: 0.5776987075805664
OrderingTime: 0.0386199951171875
Sum: 1.221752643585205
BuildTime: 2373.1478950182595
AllTime: 2374.3696476618447
Percentage: 0.05
