CalculatingTime: 0.2629375457763672
OrderingTime: 0.014457941055297852
Sum: 0.27739548683166504
BuildTime: 2328.760484536489
AllTime: 2329.0378800233207
Percentage: 0.01
