CalculatingTime: 0.279296875
OrderingTime: 0.01530003547668457
Sum: 0.29459691047668457
BuildTime: 2319.231001059214
AllTime: 2319.525597969691
Percentage: 0.01
