CommandTime: 0.6505546569824219
AnalysisTime: 0.015089035034179688
CalculatingTime: 0.9468328952789307
OrderingTime: 0.06222796440124512
Sum: 1.6747045516967773
BuildTime: 2361.7060793240867
AllTime: 2363.3807838757834
Percentage: 0.07
