CalculatingTime: 0.23251056671142578
OrderingTime: 0.010941267013549805
Sum: 0.24345183372497559
BuildTime: 2368.233516852061
AllTime: 2368.476968685786
Percentage: 0.01
