CommandTime: 0.6463994979858398
AnalysisTime: 0.011923074722290039
CalculatingTime: 0.7527101039886475
OrderingTime: 0.0041959285736083984
Sum: 1.4152286052703857
BuildTime: 2368.1738368670144
AllTime: 2369.589065472285
Percentage: 0.06
