CommandTime: 0.6289353370666504
AnalysisTime: 0.013857603073120117
CalculatingTime: 0.9141414165496826
OrderingTime: 0.11679697036743164
Sum: 1.6737313270568848
BuildTime: 2315.5348085562387
AllTime: 2317.2085398832955
Percentage: 0.07
