CalculatingTime: 3.618213653564453
OrderingTime: 0.5027017593383789
Sum: 4.120915412902832
BuildTime: 39.16658663749695
AllTime: 43.28750205039978
Percentage: 9.52
