CommandTime: 0.9133226871490479
AnalysisTime: 0.1101064682006836
CalculatingTime: 6.170938491821289
OrderingTime: 0.057181358337402344
Sum: 7.251549005508423
BuildTime: 33.59012031555176
AllTime: 40.84166932106018
Percentage: 17.76
