CalculatingTime: 3.513209342956543
OrderingTime: 0.5784511566162109
Sum: 4.091660499572754
BuildTime: 32.8570830821991
AllTime: 36.94874358177185
Percentage: 11.07
