CalculatingTime: 5.937255382537842
OrderingTime: 0.03444385528564453
Sum: 5.971699237823486
BuildTime: 33.130993604660034
AllTime: 39.10269284248352
Percentage: 15.27
