CalculatingTime: 6.1799914836883545
OrderingTime: 0.00023674964904785156
Sum: 6.180228233337402
BuildTime: 33.6993887424469
AllTime: 39.8796169757843
Percentage: 15.5
