CalculatingTime: 6.206528902053833
OrderingTime: 0.058489322662353516
Sum: 6.2650182247161865
BuildTime: 35.47820067405701
AllTime: 41.74321889877319
Percentage: 15.01
