CommandTime: 0.9230272769927979
AnalysisTime: 0.10400032997131348
CalculatingTime: 6.2758753299713135
OrderingTime: 0.08959174156188965
Sum: 7.3924946784973145
BuildTime: 33.65246057510376
AllTime: 41.044955253601074
Percentage: 18.01
