CalculatingTime: 6.4479193687438965
OrderingTime: 0.00022125244140625
Sum: 6.448140621185303
BuildTime: 33.14556264877319
AllTime: 39.593703269958496
Percentage: 16.29
