CommandTime: 0.8974757194519043
AnalysisTime: 0.1078031063079834
CalculatingTime: 6.349975347518921
OrderingTime: 0.0652921199798584
Sum: 7.420546293258667
BuildTime: 35.78215551376343
AllTime: 43.202701807022095
Percentage: 17.18
