CommandTime: 0.9124057292938232
AnalysisTime: 0.10596227645874023
CalculatingTime: 6.300574064254761
OrderingTime: 0.06427741050720215
Sum: 7.383219480514526
BuildTime: 33.64484763145447
AllTime: 41.028067111968994
Percentage: 18.0
