CalculatingTime: 5.875296354293823
OrderingTime: 0.00021576881408691406
Sum: 5.87551212310791
BuildTime: 36.045788049697876
AllTime: 41.921300172805786
Percentage: 14.02
