CalculatingTime: 5.989031553268433
OrderingTime: 0.00018835067749023438
Sum: 5.989219903945923
BuildTime: 33.85806202888489
AllTime: 39.84728193283081
Percentage: 15.03
