CalculatingTime: 3.6315927505493164
OrderingTime: 0.34147119522094727
Sum: 3.9730639457702637
BuildTime: 33.97482967376709
AllTime: 37.94789361953735
Percentage: 10.47
