CalculatingTime: 3.4840714931488037
OrderingTime: 0.777531623840332
Sum: 4.261603116989136
BuildTime: 34.90493607521057
AllTime: 39.16653919219971
Percentage: 10.88
