CommandTime: 0.911433219909668
AnalysisTime: 0.1097726821899414
CalculatingTime: 6.125638246536255
OrderingTime: 0.03867793083190918
Sum: 7.185522079467773
BuildTime: 33.28395962715149
AllTime: 40.46948170661926
Percentage: 17.76
