CalculatingTime: 3.6631293296813965
OrderingTime: 0.2976956367492676
Sum: 3.960824966430664
BuildTime: 34.16273593902588
AllTime: 38.12356090545654
Percentage: 10.39
