CommandTime: 0.8915259838104248
AnalysisTime: 0.10915946960449219
CalculatingTime: 6.317664623260498
OrderingTime: 0.06086325645446777
Sum: 7.379213333129883
BuildTime: 33.581594705581665
AllTime: 40.96080803871155
Percentage: 18.02
