CalculatingTime: 3.5413150787353516
OrderingTime: 1.6689293384552002
Sum: 5.210244417190552
BuildTime: 40.0969762802124
AllTime: 45.307220697402954
Percentage: 11.5
