CalculatingTime: 6.440253019332886
OrderingTime: 0.0002162456512451172
Sum: 6.440469264984131
BuildTime: 33.495227575302124
AllTime: 39.935696840286255
Percentage: 16.13
