CalculatingTime: 5.996096611022949
OrderingTime: 0.00021886825561523438
Sum: 5.9963154792785645
BuildTime: 33.29844808578491
AllTime: 39.29476356506348
Percentage: 15.26
