CommandTime: 0.9154441356658936
AnalysisTime: 0.10773968696594238
CalculatingTime: 6.225897789001465
OrderingTime: 0.049239397048950195
Sum: 7.298321008682251
BuildTime: 33.56255841255188
AllTime: 40.86087942123413
Percentage: 17.86
