CalculatingTime: 5.955827713012695
OrderingTime: 0.0759589672088623
Sum: 6.031786680221558
BuildTime: 33.64903688430786
AllTime: 39.68082356452942
Percentage: 15.2
