CalculatingTime: 3.786365032196045
OrderingTime: 0.9852151870727539
Sum: 4.771580219268799
BuildTime: 41.73252296447754
AllTime: 46.50410318374634
Percentage: 10.26
