CalculatingTime: 6.0697243213653564
OrderingTime: 0.04186248779296875
Sum: 6.111586809158325
BuildTime: 33.21467041969299
AllTime: 39.32625722885132
Percentage: 15.54
