CalculatingTime: 5.9121809005737305
OrderingTime: 0.00019979476928710938
Sum: 5.912380695343018
BuildTime: 34.36516094207764
AllTime: 40.277541637420654
Percentage: 14.68
