CalculatingTime: 5.673598051071167
OrderingTime: 0.12387466430664062
Sum: 5.797472715377808
BuildTime: 34.58872151374817
AllTime: 40.38619422912598
Percentage: 14.36
