CalculatingTime: 6.026514530181885
OrderingTime: 0.04050707817077637
Sum: 6.067021608352661
BuildTime: 33.49023985862732
AllTime: 39.55726146697998
Percentage: 15.34
