CalculatingTime: 6.0930702686309814
OrderingTime: 0.0002224445343017578
Sum: 6.093292713165283
BuildTime: 33.65288829803467
AllTime: 39.74618101119995
Percentage: 15.33
