CalculatingTime: 5.933818578720093
OrderingTime: 0.00021576881408691406
Sum: 5.93403434753418
BuildTime: 33.717507123947144
AllTime: 39.65154147148132
Percentage: 14.97
