CommandTime: 0.9367103576660156
AnalysisTime: 0.11235356330871582
CalculatingTime: 6.352092027664185
OrderingTime: 0.06740331649780273
Sum: 7.468559265136719
BuildTime: 35.20914912223816
AllTime: 42.67770838737488
Percentage: 17.5
