CommandTime: 0.9219930171966553
AnalysisTime: 0.10250592231750488
CalculatingTime: 6.06822657585144
OrderingTime: 0.06026172637939453
Sum: 7.152987241744995
BuildTime: 34.25386118888855
AllTime: 41.406848430633545
Percentage: 17.27
