CommandTime: 0.9120378494262695
AnalysisTime: 0.10300159454345703
CalculatingTime: 6.245773792266846
OrderingTime: 0.04030442237854004
Sum: 7.301117658615112
BuildTime: 33.394349336624146
AllTime: 40.69546699523926
Percentage: 17.94
