CalculatingTime: 5.9916510581970215
OrderingTime: 0.062284231185913086
Sum: 6.053935289382935
BuildTime: 35.102375745773315
AllTime: 41.15631103515625
Percentage: 14.71
