CalculatingTime: 3.6557888984680176
OrderingTime: 0.7860515117645264
Sum: 4.441840410232544
BuildTime: 34.15059685707092
AllTime: 38.59243726730347
Percentage: 11.51
