CommandTime: 0.9044406414031982
AnalysisTime: 0.10947251319885254
CalculatingTime: 6.202239036560059
OrderingTime: 0.05927777290344238
Sum: 7.275429964065552
BuildTime: 36.02832102775574
AllTime: 43.30375099182129
Percentage: 16.8
