CalculatingTime: 6.2310450077056885
OrderingTime: 0.00016880035400390625
Sum: 6.231213808059692
BuildTime: 34.289430379867554
AllTime: 40.520644187927246
Percentage: 15.38
