CalculatingTime: 3.6313908100128174
OrderingTime: 0.8893930912017822
Sum: 4.5207839012146
BuildTime: 34.1070499420166
AllTime: 38.6278338432312
Percentage: 11.7
