CalculatingTime: 3.545836925506592
OrderingTime: 0.5430574417114258
Sum: 4.088894367218018
BuildTime: 34.06628942489624
AllTime: 38.15518379211426
Percentage: 10.72
