CalculatingTime: 6.106288194656372
OrderingTime: 0.05910682678222656
Sum: 6.165395021438599
BuildTime: 33.52742004394531
AllTime: 39.69281506538391
Percentage: 15.53
