CalculatingTime: 3.5857441425323486
OrderingTime: 1.0962636470794678
Sum: 4.682007789611816
BuildTime: 34.076918840408325
AllTime: 38.75892663002014
Percentage: 12.08
