CalculatingTime: 3.405108690261841
OrderingTime: 0.9843926429748535
Sum: 4.389501333236694
BuildTime: 36.510863304138184
AllTime: 40.90036463737488
Percentage: 10.73
