CalculatingTime: 3.713622808456421
OrderingTime: 0.2984921932220459
Sum: 4.012115001678467
BuildTime: 34.825777530670166
AllTime: 38.83789253234863
Percentage: 10.33
