CalculatingTime: 6.062737703323364
OrderingTime: 0.00021338462829589844
Sum: 6.06295108795166
BuildTime: 33.674428939819336
AllTime: 39.737380027770996
Percentage: 15.26
