CalculatingTime: 3.5693776607513428
OrderingTime: 0.5350759029388428
Sum: 4.1044535636901855
BuildTime: 33.5390944480896
AllTime: 37.643548011779785
Percentage: 10.9
