CalculatingTime: 6.206300497055054
OrderingTime: 0.05638909339904785
Sum: 6.262689590454102
BuildTime: 33.79626250267029
AllTime: 40.05895209312439
Percentage: 15.63
