CalculatingTime: 5.842155456542969
OrderingTime: 0.00015401840209960938
Sum: 5.842309474945068
BuildTime: 33.74991846084595
AllTime: 39.592227935791016
Percentage: 14.76
