CommandTime: 0.9143130779266357
AnalysisTime: 0.10698413848876953
CalculatingTime: 5.927258014678955
OrderingTime: 0.03147315979003906
Sum: 6.980028390884399
BuildTime: 33.783329486846924
AllTime: 40.76335787773132
Percentage: 17.12
