CommandTime: 0.9167003631591797
AnalysisTime: 0.1014091968536377
CalculatingTime: 5.977231740951538
OrderingTime: 0.0945885181427002
Sum: 7.089929819107056
BuildTime: 33.49003338813782
AllTime: 40.57996320724487
Percentage: 17.47
