CalculatingTime: 6.058887481689453
OrderingTime: 0.05109238624572754
Sum: 6.109979867935181
BuildTime: 34.874863147735596
AllTime: 40.984843015670776
Percentage: 14.91
