CalculatingTime: 5.85618782043457
OrderingTime: 0.00021505355834960938
Sum: 5.85640287399292
BuildTime: 33.859971046447754
AllTime: 39.716373920440674
Percentage: 14.75
