CalculatingTime: 5.963498830795288
OrderingTime: 0.0001857280731201172
Sum: 5.963684558868408
BuildTime: 33.2979576587677
AllTime: 39.26164221763611
Percentage: 15.19
