CommandTime: 0.9032678604125977
AnalysisTime: 0.10461592674255371
CalculatingTime: 5.957321882247925
OrderingTime: 0.055357933044433594
Sum: 7.02056360244751
BuildTime: 33.62780141830444
AllTime: 40.64836502075195
Percentage: 17.27
