CalculatingTime: 6.094560384750366
OrderingTime: 0.05841469764709473
Sum: 6.152975082397461
BuildTime: 33.44420099258423
AllTime: 39.59717607498169
Percentage: 15.54
