CalculatingTime: 6.171170234680176
OrderingTime: 0.08225154876708984
Sum: 6.253421783447266
BuildTime: 33.42723846435547
AllTime: 39.680660247802734
Percentage: 15.76
