CalculatingTime: 6.085909605026245
OrderingTime: 0.00024008750915527344
Sum: 6.0861496925354
BuildTime: 33.45865201950073
AllTime: 39.54480171203613
Percentage: 15.39
