CalculatingTime: 6.224804162979126
OrderingTime: 0.05113029479980469
Sum: 6.275934457778931
BuildTime: 33.44469165802002
AllTime: 39.72062611579895
Percentage: 15.8
