CommandTime: 0.9276835918426514
AnalysisTime: 0.1069784164428711
CalculatingTime: 6.185046195983887
OrderingTime: 0.03676629066467285
Sum: 7.256474494934082
BuildTime: 33.95828294754028
AllTime: 41.214757442474365
Percentage: 17.61
