CalculatingTime: 6.059680223464966
OrderingTime: 0.00021147727966308594
Sum: 6.059891700744629
BuildTime: 33.68271231651306
AllTime: 39.74260401725769
Percentage: 15.25
