CommandTime: 0.9102861881256104
AnalysisTime: 0.10164880752563477
CalculatingTime: 5.8462536334991455
OrderingTime: 0.12486791610717773
Sum: 6.983056545257568
BuildTime: 34.66555309295654
AllTime: 41.64860963821411
Percentage: 16.77
