CalculatingTime: 6.295156955718994
OrderingTime: 0.03750920295715332
Sum: 6.3326661586761475
BuildTime: 33.91606283187866
AllTime: 40.24872899055481
Percentage: 15.73
