CalculatingTime: 3.5925850868225098
OrderingTime: 0.5452702045440674
Sum: 4.137855291366577
BuildTime: 41.60279703140259
AllTime: 45.740652322769165
Percentage: 9.05
