CalculatingTime: 6.127522230148315
OrderingTime: 0.10191607475280762
Sum: 6.229438304901123
BuildTime: 33.11567974090576
AllTime: 39.345118045806885
Percentage: 15.83
