CalculatingTime: 3.718820333480835
OrderingTime: 0.7556040287017822
Sum: 4.474424362182617
BuildTime: 41.75309085845947
AllTime: 46.22751522064209
Percentage: 9.68
