CalculatingTime: 5.823878049850464
OrderingTime: 0.0582730770111084
Sum: 5.882151126861572
BuildTime: 33.10444259643555
AllTime: 38.98659372329712
Percentage: 15.09
