CommandTime: 1.6887238025665283
AnalysisTime: 0.012586593627929688
CalculatingTime: 0.313509464263916
OrderingTime: 2.0452823638916016
Sum: 4.060102224349976
BuildTime: 87.61534198125203
AllTime: 91.675444205602
Percentage: 4.43
