CalculatingTime: 0.16844391822814941
OrderingTime: 0.008265495300292969
Sum: 0.17670941352844238
BuildTime: 223.58205183347067
AllTime: 223.75876124699911
Percentage: 0.08
