CommandTime: 1.601823091506958
AnalysisTime: 0.012705564498901367
CalculatingTime: 0.3471047878265381
OrderingTime: 2.155402660369873
Sum: 4.1170361042022705
BuildTime: 86.01832246780396
AllTime: 90.13535857200623
Percentage: 4.57
