CalculatingTime: 0.16703224182128906
OrderingTime: 0.012972116470336914
Sum: 0.18000435829162598
BuildTime: 271.6932038466136
AllTime: 271.8732082049052
Percentage: 0.07
