CalculatingTime: 0.1698915958404541
OrderingTime: 0.011562347412109375
Sum: 0.18145394325256348
BuildTime: 241.0455058415731
AllTime: 241.22695978482565
Percentage: 0.08
