CommandTime: 1.7343676090240479
AnalysisTime: 0.012208938598632812
CalculatingTime: 0.3202245235443115
OrderingTime: 1.5606276988983154
Sum: 3.6274287700653076
BuildTime: 87.50915026664734
AllTime: 91.13657903671265
Percentage: 3.98
