CalculatingTime: 0.15317225456237793
OrderingTime: 0.010700464248657227
Sum: 0.16387271881103516
BuildTime: 242.9898397922516
AllTime: 243.15371251106262
Percentage: 0.07
