CalculatingTime: 0.17082452774047852
OrderingTime: 0.012229681015014648
Sum: 0.18305420875549316
BuildTime: 210.3550737698873
AllTime: 210.5381279786428
Percentage: 0.09
