CalculatingTime: 0.16396665573120117
OrderingTime: 0.013103246688842773
Sum: 0.17706990242004395
BuildTime: 213.98321310679117
AllTime: 214.1602830092112
Percentage: 0.08
