CalculatingTime: 0.16063737869262695
OrderingTime: 0.01083683967590332
Sum: 0.17147421836853027
BuildTime: 240.85566663742065
AllTime: 241.02714085578918
Percentage: 0.07
