CommandTime: 1.2514002323150635
AnalysisTime: 0.011777162551879883
CalculatingTime: 0.31867074966430664
OrderingTime: 1.4222674369812012
Sum: 3.004115581512451
BuildTime: 86.92785906791687
AllTime: 89.93197464942932
Percentage: 3.34
