CommandTime: 1.5873456001281738
AnalysisTime: 0.012656211853027344
CalculatingTime: 0.33112335205078125
OrderingTime: 0.9225437641143799
Sum: 2.8536689281463623
BuildTime: 87.30416584014893
AllTime: 90.15783476829529
Percentage: 3.17
