CalculatingTime: 0.15290045738220215
OrderingTime: 0.010442972183227539
Sum: 0.1633434295654297
BuildTime: 208.952938636144
AllTime: 209.11628206570944
Percentage: 0.08
