CalculatingTime: 0.172882080078125
OrderingTime: 0.010837316513061523
Sum: 0.18371939659118652
BuildTime: 244.290896097819
AllTime: 244.4746154944102
Percentage: 0.08
