CommandTime: 1.6906001567840576
AnalysisTime: 0.012159109115600586
CalculatingTime: 0.294353723526001
OrderingTime: 0.37482714653015137
Sum: 2.3719401359558105
BuildTime: 87.72479097048442
AllTime: 90.09673110644023
Percentage: 2.63
