CalculatingTime: 0.17794370651245117
OrderingTime: 0.012502431869506836
Sum: 0.190446138381958
BuildTime: 256.35413392384845
AllTime: 256.5445800622304
Percentage: 0.07
