CommandTime: 1.2746820449829102
AnalysisTime: 0.011556863784790039
CalculatingTime: 0.3376424312591553
OrderingTime: 1.148693323135376
Sum: 2.7725746631622314
BuildTime: 86.6842413743337
AllTime: 89.45681603749593
Percentage: 3.1
