CommandTime: 1.366089105606079
AnalysisTime: 0.012014150619506836
CalculatingTime: 0.3106856346130371
OrderingTime: 1.2831127643585205
Sum: 2.9719016551971436
BuildTime: 87.40328788757324
AllTime: 90.37518954277039
Percentage: 3.29
