CalculatingTime: 0.15236496925354004
OrderingTime: 0.010455846786499023
Sum: 0.16282081604003906
BuildTime: 240.830206712087
AllTime: 240.99302752812704
Percentage: 0.07
