CommandTime: 1.4105103015899658
AnalysisTime: 0.012271642684936523
CalculatingTime: 0.38517332077026367
OrderingTime: 0.3484065532684326
Sum: 2.1563618183135986
BuildTime: 86.76893186569214
AllTime: 88.92529368400574
Percentage: 2.42
