CommandTime: 1.3365225791931152
AnalysisTime: 0.013981819152832031
CalculatingTime: 0.3040459156036377
OrderingTime: 1.8347563743591309
Sum: 3.489306688308716
BuildTime: 87.08249545097351
AllTime: 90.57180213928223
Percentage: 3.85
