CalculatingTime: 0.16809964179992676
OrderingTime: 0.011759042739868164
Sum: 0.17985868453979492
BuildTime: 305.86900011698407
AllTime: 306.04885880152386
Percentage: 0.06
