CommandTime: 1.7434303760528564
AnalysisTime: 0.012934207916259766
CalculatingTime: 0.35941481590270996
OrderingTime: 0.9596865177154541
Sum: 3.0754659175872803
BuildTime: 87.64621702829997
AllTime: 90.72168294588725
Percentage: 3.39
