CommandTime: 1.6229162216186523
AnalysisTime: 0.012385845184326172
CalculatingTime: 0.3562014102935791
OrderingTime: 1.2567172050476074
Sum: 3.248220682144165
BuildTime: 86.2174076239268
AllTime: 89.46562830607097
Percentage: 3.63
