CalculatingTime: 0.1599292755126953
OrderingTime: 0.013585329055786133
Sum: 0.17351460456848145
BuildTime: 209.79438026746115
AllTime: 209.96789487202963
Percentage: 0.08
