CommandTime: 1.5440120697021484
AnalysisTime: 0.012302398681640625
CalculatingTime: 0.3455207347869873
OrderingTime: 0.28562450408935547
Sum: 2.187459707260132
BuildTime: 87.39847548802693
AllTime: 89.58593519528706
Percentage: 2.44
