CommandTime: 1.5843555927276611
AnalysisTime: 0.012148141860961914
CalculatingTime: 0.31743288040161133
OrderingTime: 0.34203624725341797
Sum: 2.2559728622436523
BuildTime: 86.47911437352498
AllTime: 88.73508723576863
Percentage: 2.54
