CommandTime: 1.3473155498504639
AnalysisTime: 0.012195348739624023
CalculatingTime: 0.325242280960083
OrderingTime: 1.2654616832733154
Sum: 2.9502148628234863
BuildTime: 85.740287621816
AllTime: 88.69050248463948
Percentage: 3.33
