CommandTime: 1.5535931587219238
AnalysisTime: 0.011581659317016602
CalculatingTime: 0.34668469429016113
OrderingTime: 0.9691951274871826
Sum: 2.881054639816284
BuildTime: 86.8693340619405
AllTime: 89.75038870175679
Percentage: 3.21
