CommandTime: 1.2715661525726318
AnalysisTime: 0.011794328689575195
CalculatingTime: 0.32721781730651855
OrderingTime: 0.8011376857757568
Sum: 2.4117159843444824
BuildTime: 86.91674598058064
AllTime: 89.32846196492513
Percentage: 2.7
