CommandTime: 1.3155148029327393
AnalysisTime: 0.012415170669555664
CalculatingTime: 0.3312840461730957
OrderingTime: 1.7904584407806396
Sum: 3.4496724605560303
BuildTime: 87.09073734283447
AllTime: 90.5404098033905
Percentage: 3.81
