CommandTime: 1.3450801372528076
AnalysisTime: 0.011934995651245117
CalculatingTime: 0.31680870056152344
OrderingTime: 1.7290639877319336
Sum: 3.4028878211975098
BuildTime: 87.57510757446289
AllTime: 90.9779953956604
Percentage: 3.74
