CommandTime: 1.3468780517578125
AnalysisTime: 0.011828184127807617
CalculatingTime: 0.34104490280151367
OrderingTime: 1.829880714416504
Sum: 3.5296318531036377
BuildTime: 86.63436762491862
AllTime: 90.16399947802226
Percentage: 3.91
