CommandTime: 1.6349272727966309
AnalysisTime: 0.012789011001586914
CalculatingTime: 0.3119041919708252
OrderingTime: 1.5555591583251953
Sum: 3.5151796340942383
BuildTime: 86.76362903912862
AllTime: 90.27880867322285
Percentage: 3.89
