CalculatingTime: 0.1512606143951416
OrderingTime: 0.012696981430053711
Sum: 0.1639575958251953
BuildTime: 305.8476284344991
AllTime: 306.0115860303243
Percentage: 0.05
