CommandTime: 1.6583411693572998
AnalysisTime: 0.012098550796508789
CalculatingTime: 0.3429453372955322
OrderingTime: 1.4721667766571045
Sum: 3.4855518341064453
BuildTime: 86.18510278065999
AllTime: 89.67065461476643
Percentage: 3.89
