CommandTime: 1.5659053325653076
AnalysisTime: 0.012894392013549805
CalculatingTime: 0.34955668449401855
OrderingTime: 2.2126657962799072
Sum: 4.141022205352783
BuildTime: 85.98726320266724
AllTime: 90.12828540802002
Percentage: 4.59
