CommandTime: 1.6430714130401611
AnalysisTime: 0.013570070266723633
CalculatingTime: 0.34806299209594727
OrderingTime: 0.6131300926208496
Sum: 2.6178345680236816
BuildTime: 88.41456429163615
AllTime: 91.03239885965984
Percentage: 2.88
