CalculatingTime: 0.15390706062316895
OrderingTime: 0.011047601699829102
Sum: 0.16495466232299805
BuildTime: 243.09590601921082
AllTime: 243.2608606815338
Percentage: 0.07
