CalculatingTime: 0.16579151153564453
OrderingTime: 0.011749029159545898
Sum: 0.17754054069519043
BuildTime: 209.6509948571523
AllTime: 209.8285353978475
Percentage: 0.08
