CommandTime: 1.27793550491333
AnalysisTime: 0.011895895004272461
CalculatingTime: 0.34366583824157715
OrderingTime: 1.3440334796905518
Sum: 2.9775307178497314
BuildTime: 87.29303121566772
AllTime: 90.27056193351746
Percentage: 3.3
