CalculatingTime: 0.1681506633758545
OrderingTime: 0.009419679641723633
Sum: 0.17757034301757812
BuildTime: 273.4376242160797
AllTime: 273.6151945590973
Percentage: 0.06
