CalculatingTime: 0.1737377643585205
OrderingTime: 0.013869047164916992
Sum: 0.1876068115234375
BuildTime: 224.44804573059082
AllTime: 224.63565254211426
Percentage: 0.08
