CommandTime: 1.8395824432373047
AnalysisTime: 0.012226343154907227
CalculatingTime: 0.32265281677246094
OrderingTime: 1.788428544998169
Sum: 3.962890148162842
BuildTime: 86.8049385547638
AllTime: 90.76782870292664
Percentage: 4.37
