CalculatingTime: 0.17752814292907715
OrderingTime: 0.011018037796020508
Sum: 0.18854618072509766
BuildTime: 181.22999946276346
AllTime: 181.41854564348856
Percentage: 0.1
