CalculatingTime: 0.1583263874053955
OrderingTime: 0.014803647994995117
Sum: 0.17313003540039062
BuildTime: 222.84097202618918
AllTime: 223.01410206158957
Percentage: 0.08
