CommandTime: 1.3117048740386963
AnalysisTime: 0.012081623077392578
CalculatingTime: 0.32993102073669434
OrderingTime: 1.3852059841156006
Sum: 3.038923501968384
BuildTime: 86.66233309110005
AllTime: 89.70125659306844
Percentage: 3.39
