CalculatingTime: 0.20531320571899414
OrderingTime: 0.012423515319824219
Sum: 0.21773672103881836
BuildTime: 332.88490414619446
AllTime: 333.1026408672333
Percentage: 0.07
