CommandTime: 1.4003477096557617
AnalysisTime: 0.012390851974487305
CalculatingTime: 0.33989858627319336
OrderingTime: 1.787459373474121
Sum: 3.5400965213775635
BuildTime: 85.23753499984741
AllTime: 88.77763152122498
Percentage: 3.99
