CalculatingTime: 0.15384435653686523
OrderingTime: 0.008407354354858398
Sum: 0.16225171089172363
BuildTime: 356.53664779663086
AllTime: 356.6988995075226
Percentage: 0.05
