CommandTime: 1.5837585926055908
AnalysisTime: 0.012285470962524414
CalculatingTime: 0.3767383098602295
OrderingTime: 1.1480143070220947
Sum: 3.1207966804504395
BuildTime: 87.20030864079793
AllTime: 90.32110532124837
Percentage: 3.46
