CommandTime: 1.7837166786193848
AnalysisTime: 0.012929677963256836
CalculatingTime: 0.35675907135009766
OrderingTime: 1.6920802593231201
Sum: 3.8454856872558594
BuildTime: 87.52612225214641
AllTime: 91.37160793940227
Percentage: 4.21
