CalculatingTime: 0.15741753578186035
OrderingTime: 0.008303165435791016
Sum: 0.16572070121765137
BuildTime: 271.64522465070087
AllTime: 271.8109453519185
Percentage: 0.06
