CalculatingTime: 0.15299534797668457
OrderingTime: 0.01197052001953125
Sum: 0.16496586799621582
BuildTime: 331.27197710673016
AllTime: 331.4369429747264
Percentage: 0.05
