CommandTime: 1.4873428344726562
AnalysisTime: 0.01194620132446289
CalculatingTime: 0.29772281646728516
OrderingTime: 0.8198273181915283
Sum: 2.6168391704559326
BuildTime: 86.23094471295674
AllTime: 88.84778388341267
Percentage: 2.95
