CommandTime: 1.4798858165740967
AnalysisTime: 0.01147913932800293
CalculatingTime: 0.346606969833374
OrderingTime: 1.0588929653167725
Sum: 2.896864891052246
BuildTime: 85.82930501302083
AllTime: 88.72616990407307
Percentage: 3.26
