CalculatingTime: 0.15416669845581055
OrderingTime: 0.01021432876586914
Sum: 0.1643810272216797
BuildTime: 147.72481997807822
AllTime: 147.8892010052999
Percentage: 0.11
