CommandTime: 1.3914074897766113
AnalysisTime: 0.011716365814208984
CalculatingTime: 0.32527709007263184
OrderingTime: 0.30370330810546875
Sum: 2.032104253768921
BuildTime: 86.36761212348938
AllTime: 88.3997163772583
Percentage: 2.3
