CommandTime: 1.5308263301849365
AnalysisTime: 0.012604475021362305
CalculatingTime: 0.3412766456604004
OrderingTime: 1.432765007019043
Sum: 3.317472457885742
BuildTime: 87.0395158926646
AllTime: 90.35698835055034
Percentage: 3.67
