CalculatingTime: 0.1590282917022705
OrderingTime: 0.012169361114501953
Sum: 0.17119765281677246
BuildTime: 241.23635125160217
AllTime: 241.40754890441895
Percentage: 0.07
