CalculatingTime: 0.17299556732177734
OrderingTime: 0.01325368881225586
Sum: 0.1862492561340332
BuildTime: 156.18562197685242
AllTime: 156.37187123298645
Percentage: 0.12
