CommandTime: 1.5914034843444824
AnalysisTime: 0.012974023818969727
CalculatingTime: 0.31137847900390625
OrderingTime: 1.913877010345459
Sum: 3.8296329975128174
BuildTime: 86.95838165283203
AllTime: 90.78801465034485
Percentage: 4.22
