CommandTime: 1.4471783638000488
AnalysisTime: 0.012614011764526367
CalculatingTime: 0.3098921775817871
OrderingTime: 1.225905418395996
Sum: 2.9955899715423584
BuildTime: 87.02977840105693
AllTime: 90.02536837259929
Percentage: 3.33
