CommandTime: 1.5826199054718018
AnalysisTime: 0.012087345123291016
CalculatingTime: 0.34418296813964844
OrderingTime: 1.5994038581848145
Sum: 3.5382940769195557
BuildTime: 86.05942273139954
AllTime: 89.59771680831909
Percentage: 3.95
