CommandTime: 1.3549485206604004
AnalysisTime: 0.012674093246459961
CalculatingTime: 0.30836963653564453
OrderingTime: 0.9055941104888916
Sum: 2.5815863609313965
BuildTime: 86.63400896390279
AllTime: 89.21559532483418
Percentage: 2.89
