CalculatingTime: 0.14813232421875
OrderingTime: 0.009696245193481445
Sum: 0.15782856941223145
BuildTime: 307.95267573992413
AllTime: 308.11050430933636
Percentage: 0.05
