CommandTime: 1.5949242115020752
AnalysisTime: 0.012627363204956055
CalculatingTime: 0.31755733489990234
OrderingTime: 1.5369892120361328
Sum: 3.4620981216430664
BuildTime: 88.27276595433553
AllTime: 91.73486407597859
Percentage: 3.77
