CommandTime: 1.6156127452850342
AnalysisTime: 0.01182699203491211
CalculatingTime: 0.33852458000183105
OrderingTime: 1.0172467231750488
Sum: 2.983211040496826
BuildTime: 85.26695728302002
AllTime: 88.25016832351685
Percentage: 3.38
