CommandTime: 1.2404251098632812
AnalysisTime: 0.01188206672668457
CalculatingTime: 0.33648681640625
OrderingTime: 2.1782495975494385
Sum: 3.7670435905456543
BuildTime: 87.59675017992656
AllTime: 91.36379377047221
Percentage: 4.12
