CommandTime: 1.388265609741211
AnalysisTime: 0.012848377227783203
CalculatingTime: 0.31776905059814453
OrderingTime: 2.6290318965911865
Sum: 4.347914934158325
BuildTime: 87.28987407684326
AllTime: 91.63778901100159
Percentage: 4.74
