CalculatingTime: 0.17905092239379883
OrderingTime: 0.012766599655151367
Sum: 0.1918175220489502
BuildTime: 356.34497960408527
AllTime: 356.5367971261342
Percentage: 0.05
