CommandTime: 1.5825729370117188
AnalysisTime: 0.012902021408081055
CalculatingTime: 0.357269287109375
OrderingTime: 1.852975845336914
Sum: 3.805720090866089
BuildTime: 87.10938755671184
AllTime: 90.91510764757793
Percentage: 4.19
