CalculatingTime: 0.18951940536499023
OrderingTime: 0.012394905090332031
Sum: 0.20191431045532227
BuildTime: 118.30523832639058
AllTime: 118.5071526368459
Percentage: 0.17
