CommandTime: 1.2683913707733154
AnalysisTime: 0.012161493301391602
CalculatingTime: 0.33649492263793945
OrderingTime: 0.39536070823669434
Sum: 2.012408494949341
BuildTime: 86.4919912815094
AllTime: 88.50439977645874
Percentage: 2.27
