CommandTime: 1.6981360912322998
AnalysisTime: 0.01231074333190918
CalculatingTime: 0.30388307571411133
OrderingTime: 0.3523094654083252
Sum: 2.3666393756866455
BuildTime: 87.64915617307027
AllTime: 90.01579554875691
Percentage: 2.63
