CalculatingTime: 0.1567223072052002
OrderingTime: 0.010537147521972656
Sum: 0.16725945472717285
BuildTime: 176.8186112244924
AllTime: 176.98587067921957
Percentage: 0.09
