CalculatingTime: 0.17341971397399902
OrderingTime: 0.014522075653076172
Sum: 0.1879417896270752
BuildTime: 321.0531662305196
AllTime: 321.24110802014667
Percentage: 0.06
