CommandTime: 1.306086778640747
AnalysisTime: 0.011847496032714844
CalculatingTime: 0.33147287368774414
OrderingTime: 0.2823970317840576
Sum: 1.9318041801452637
BuildTime: 87.41981975237529
AllTime: 89.35162393252055
Percentage: 2.16
