CalculatingTime: 0.15776371955871582
OrderingTime: 0.011452198028564453
Sum: 0.16921591758728027
BuildTime: 276.1111413637797
AllTime: 276.280357281367
Percentage: 0.06
