CalculatingTime: 0.1767411231994629
OrderingTime: 0.011176347732543945
Sum: 0.18791747093200684
BuildTime: 209.02000164985657
AllTime: 209.20791912078857
Percentage: 0.09
