CalculatingTime: 0.13843655586242676
OrderingTime: 0.010147333145141602
Sum: 0.14858388900756836
BuildTime: 304.1480915546417
AllTime: 304.2966754436493
Percentage: 0.05
