CalculatingTime: 0.15703749656677246
OrderingTime: 0.010110139846801758
Sum: 0.16714763641357422
BuildTime: 154.71550917625427
AllTime: 154.88265681266785
Percentage: 0.11
