CalculatingTime: 0.15931224822998047
OrderingTime: 0.011272907257080078
Sum: 0.17058515548706055
BuildTime: 187.6866703828176
AllTime: 187.85725553830466
Percentage: 0.09
