CalculatingTime: 0.16746211051940918
OrderingTime: 0.010189294815063477
Sum: 0.17765140533447266
BuildTime: 397.9483691851298
AllTime: 398.1260205904643
Percentage: 0.04
