CalculatingTime: 0.15494751930236816
OrderingTime: 0.009846687316894531
Sum: 0.1647942066192627
BuildTime: 212.0758314927419
AllTime: 212.24062569936117
Percentage: 0.08
