CommandTime: 1.3178751468658447
AnalysisTime: 0.011951923370361328
CalculatingTime: 0.3107950687408447
OrderingTime: 1.2781977653503418
Sum: 2.9188199043273926
BuildTime: 86.73745473225911
AllTime: 89.6562746365865
Percentage: 3.26
