CalculatingTime: 0.18005084991455078
OrderingTime: 0.011295795440673828
Sum: 0.1913466453552246
BuildTime: 303.9242814381917
AllTime: 304.11562808354694
Percentage: 0.06
