CalculatingTime: 0.15657424926757812
OrderingTime: 0.010832786560058594
Sum: 0.16740703582763672
BuildTime: 273.56223638852435
AllTime: 273.729643424352
Percentage: 0.06
