CalculatingTime: 0.1639108657836914
OrderingTime: 0.014063358306884766
Sum: 0.17797422409057617
BuildTime: 146.87897555033365
AllTime: 147.05694977442423
Percentage: 0.12
