CommandTime: 0.19798493385314941
AnalysisTime: 0.0064351558685302734
CalculatingTime: 0.2441103458404541
OrderingTime: 0.34239983558654785
Sum: 0.7909302711486816
BuildTime: 37.206300497055054
AllTime: 37.997230768203735
Percentage: 2.08
