CalculatingTime: 0.22888994216918945
OrderingTime: 0.4476737976074219
Sum: 0.6765637397766113
BuildTime: 36.67241811752319
AllTime: 37.348981857299805
Percentage: 1.81
