CalculatingTime: 0.21905207633972168
OrderingTime: 0.00019121170043945312
Sum: 0.21924328804016113
BuildTime: 36.47033667564392
AllTime: 36.68957996368408
Percentage: 0.6
