CalculatingTime: 0.17584896087646484
OrderingTime: 1.8024468421936035
Sum: 1.9782958030700684
BuildTime: 36.154375076293945
AllTime: 38.132670879364014
Percentage: 5.19
