CalculatingTime: 0.16762804985046387
OrderingTime: 0.9497251510620117
Sum: 1.1173532009124756
BuildTime: 36.18111991882324
AllTime: 37.29847311973572
Percentage: 3.0
