CommandTime: 0.22821760177612305
AnalysisTime: 0.007603645324707031
CalculatingTime: 0.23703742027282715
OrderingTime: 0.3430442810058594
Sum: 0.8159029483795166
BuildTime: 37.667242765426636
AllTime: 38.48314571380615
Percentage: 2.12
