CalculatingTime: 0.20940017700195312
OrderingTime: 1.4984126091003418
Sum: 1.707812786102295
BuildTime: 36.61236572265625
AllTime: 38.320178508758545
Percentage: 4.46
