CalculatingTime: 0.14004063606262207
OrderingTime: 1.490919828414917
Sum: 1.630960464477539
BuildTime: 36.59671115875244
AllTime: 38.22767162322998
Percentage: 4.27
