CalculatingTime: 0.21512055397033691
OrderingTime: 0.00018787384033203125
Sum: 0.21530842781066895
BuildTime: 36.25622367858887
AllTime: 36.471532106399536
Percentage: 0.59
