CommandTime: 0.19072556495666504
AnalysisTime: 0.006453514099121094
CalculatingTime: 0.235673189163208
OrderingTime: 0.35927867889404297
Sum: 0.7921309471130371
BuildTime: 35.98120355606079
AllTime: 36.77333450317383
Percentage: 2.15
