CalculatingTime: 0.15446805953979492
OrderingTime: 2.1306447982788086
Sum: 2.2851128578186035
BuildTime: 36.647950172424316
AllTime: 38.93306303024292
Percentage: 5.87
