CalculatingTime: 0.16453337669372559
OrderingTime: 1.2528443336486816
Sum: 1.4173777103424072
BuildTime: 36.75678992271423
AllTime: 38.17416763305664
Percentage: 3.71
