CalculatingTime: 0.23956537246704102
OrderingTime: 0.00020742416381835938
Sum: 0.23977279663085938
BuildTime: 36.49504327774048
AllTime: 36.73481607437134
Percentage: 0.65
