CalculatingTime: 0.231719970703125
OrderingTime: 0.47744154930114746
Sum: 0.7091615200042725
BuildTime: 36.613423347473145
AllTime: 37.32258486747742
Percentage: 1.9
