CalculatingTime: 0.37471938133239746
OrderingTime: 0.32060670852661133
Sum: 0.6953260898590088
BuildTime: 37.41077446937561
AllTime: 38.10610055923462
Percentage: 1.82
