CalculatingTime: 0.28429627418518066
OrderingTime: 0.5043580532073975
Sum: 0.7886543273925781
BuildTime: 35.75597310066223
AllTime: 36.54462742805481
Percentage: 2.16
