CommandTime: 0.20249724388122559
AnalysisTime: 0.00659942626953125
CalculatingTime: 0.23040199279785156
OrderingTime: 0.46424174308776855
Sum: 0.903740406036377
BuildTime: 35.87609934806824
AllTime: 36.779839754104614
Percentage: 2.46
