CalculatingTime: 0.27236509323120117
OrderingTime: 0.2849106788635254
Sum: 0.5572757720947266
BuildTime: 36.156330823898315
AllTime: 36.71360659599304
Percentage: 1.52
