CommandTime: 0.20086145401000977
AnalysisTime: 0.0063931941986083984
CalculatingTime: 0.2201673984527588
OrderingTime: 0.43184471130371094
Sum: 0.8592667579650879
BuildTime: 36.955894231796265
AllTime: 37.81516098976135
Percentage: 2.27
