CommandTime: 0.21471571922302246
AnalysisTime: 0.006115913391113281
CalculatingTime: 0.2374250888824463
OrderingTime: 0.47838258743286133
Sum: 0.9366393089294434
BuildTime: 37.21579837799072
AllTime: 38.152437686920166
Percentage: 2.45
