CommandTime: 0.19834542274475098
AnalysisTime: 0.006532430648803711
CalculatingTime: 0.24069976806640625
OrderingTime: 0.23171091079711914
Sum: 0.6772885322570801
BuildTime: 36.46821451187134
AllTime: 37.14550304412842
Percentage: 1.82
