CalculatingTime: 0.22154879570007324
OrderingTime: 0.0002276897430419922
Sum: 0.22177648544311523
BuildTime: 36.47770881652832
AllTime: 36.699485301971436
Percentage: 0.6
