CalculatingTime: 0.22833609580993652
OrderingTime: 0.00021791458129882812
Sum: 0.22855401039123535
BuildTime: 37.091994285583496
AllTime: 37.32054829597473
Percentage: 0.61
