CalculatingTime: 0.2423713207244873
OrderingTime: 1.3624866008758545
Sum: 1.6048579216003418
BuildTime: 35.93066048622131
AllTime: 37.535518407821655
Percentage: 4.28
