CalculatingTime: 0.24072670936584473
OrderingTime: 0.548790454864502
Sum: 0.7895171642303467
BuildTime: 36.06510782241821
AllTime: 36.85462498664856
Percentage: 2.14
