CalculatingTime: 0.20673370361328125
OrderingTime: 1.845909833908081
Sum: 2.0526435375213623
BuildTime: 36.45978593826294
AllTime: 38.5124294757843
Percentage: 5.33
