CalculatingTime: 0.19426298141479492
OrderingTime: 1.2528376579284668
Sum: 1.4471006393432617
BuildTime: 37.02806043624878
AllTime: 38.47516107559204
Percentage: 3.76
