CalculatingTime: 0.14983129501342773
OrderingTime: 2.037081480026245
Sum: 2.186912775039673
BuildTime: 37.02347421646118
AllTime: 39.210386991500854
Percentage: 5.58
