CalculatingTime: 0.24344491958618164
OrderingTime: 0.00017571449279785156
Sum: 0.2436206340789795
BuildTime: 36.9549024105072
AllTime: 37.19852304458618
Percentage: 0.65
