CalculatingTime: 0.19371652603149414
OrderingTime: 1.2364702224731445
Sum: 1.4301867485046387
BuildTime: 36.26419496536255
AllTime: 37.69438171386719
Percentage: 3.79
