CalculatingTime: 0.23682880401611328
OrderingTime: 0.00022792816162109375
Sum: 0.23705673217773438
BuildTime: 36.84889101982117
AllTime: 37.0859477519989
Percentage: 0.64
