CalculatingTime: 0.2330784797668457
OrderingTime: 0.31844019889831543
Sum: 0.5515186786651611
BuildTime: 36.764851331710815
AllTime: 37.31637001037598
Percentage: 1.48
