CalculatingTime: 0.15147924423217773
OrderingTime: 1.9697840213775635
Sum: 2.121263265609741
BuildTime: 36.560214042663574
AllTime: 38.681477308273315
Percentage: 5.48
