CalculatingTime: 0.30591630935668945
OrderingTime: 0.00021386146545410156
Sum: 0.30613017082214355
BuildTime: 36.97458791732788
AllTime: 37.280718088150024
Percentage: 0.82
