CalculatingTime: 0.27780795097351074
OrderingTime: 0.34098124504089355
Sum: 0.6187891960144043
BuildTime: 36.68826389312744
AllTime: 37.307053089141846
Percentage: 1.66
