CalculatingTime: 0.23975634574890137
OrderingTime: 0.3080306053161621
Sum: 0.5477869510650635
BuildTime: 36.308151721954346
AllTime: 36.85593867301941
Percentage: 1.49
