CalculatingTime: 0.22782564163208008
OrderingTime: 0.32604122161865234
Sum: 0.5538668632507324
BuildTime: 37.16847491264343
AllTime: 37.722341775894165
Percentage: 1.47
