CommandTime: 0.20450234413146973
AnalysisTime: 0.006361961364746094
CalculatingTime: 0.23346948623657227
OrderingTime: 0.4061894416809082
Sum: 0.8505232334136963
BuildTime: 36.97221398353577
AllTime: 37.82273721694946
Percentage: 2.25
