CalculatingTime: 0.18091821670532227
OrderingTime: 1.2828822135925293
Sum: 1.4638004302978516
BuildTime: 36.60756206512451
AllTime: 38.07136249542236
Percentage: 3.84
