CalculatingTime: 0.16686391830444336
OrderingTime: 3.346909523010254
Sum: 3.5137734413146973
BuildTime: 35.84041929244995
AllTime: 39.35419273376465
Percentage: 8.93
