CommandTime: 0.20485568046569824
AnalysisTime: 0.006441593170166016
CalculatingTime: 0.24093914031982422
OrderingTime: 0.28105592727661133
Sum: 0.7332923412322998
BuildTime: 36.738842487335205
AllTime: 37.472134828567505
Percentage: 1.96
