CommandTime: 0.199019193649292
AnalysisTime: 0.006124019622802734
CalculatingTime: 0.22556066513061523
OrderingTime: 0.27645111083984375
Sum: 0.7071549892425537
BuildTime: 35.81873869895935
AllTime: 36.525893688201904
Percentage: 1.94
