CalculatingTime: 0.30806636810302734
OrderingTime: 0.000194549560546875
Sum: 0.3082609176635742
BuildTime: 36.3402738571167
AllTime: 36.64853477478027
Percentage: 0.84
