CommandTime: 0.20181488990783691
AnalysisTime: 0.006427764892578125
CalculatingTime: 0.2263789176940918
OrderingTime: 0.4508490562438965
Sum: 0.8854706287384033
BuildTime: 36.864948987960815
AllTime: 37.75041961669922
Percentage: 2.35
