CalculatingTime: 0.299729585647583
OrderingTime: 0.00019931793212890625
Sum: 0.2999289035797119
BuildTime: 36.39626693725586
AllTime: 36.69619584083557
Percentage: 0.82
