CalculatingTime: 0.23707175254821777
OrderingTime: 0.4018900394439697
Sum: 0.6389617919921875
BuildTime: 36.42741847038269
AllTime: 37.06638026237488
Percentage: 1.72
