CalculatingTime: 0.2292780876159668
OrderingTime: 0.0001366138458251953
Sum: 0.229414701461792
BuildTime: 36.53055667877197
AllTime: 36.759971380233765
Percentage: 0.62
