CalculatingTime: 0.28617429733276367
OrderingTime: 0.00021982192993164062
Sum: 0.2863941192626953
BuildTime: 36.61035943031311
AllTime: 36.896753549575806
Percentage: 0.78
