CalculatingTime: 0.2704601287841797
OrderingTime: 0.0002167224884033203
Sum: 0.270676851272583
BuildTime: 36.674044609069824
AllTime: 36.94472146034241
Percentage: 0.73
