CommandTime: 0.20486736297607422
AnalysisTime: 0.005845308303833008
CalculatingTime: 0.24001359939575195
OrderingTime: 0.33949851989746094
Sum: 0.7902247905731201
BuildTime: 37.07011842727661
AllTime: 37.86034321784973
Percentage: 2.09
