CalculatingTime: 0.1651904582977295
OrderingTime: 1.781850814819336
Sum: 1.9470412731170654
BuildTime: 36.20687747001648
AllTime: 38.153918743133545
Percentage: 5.1
