CommandTime: 0.20638322830200195
AnalysisTime: 0.0064814090728759766
CalculatingTime: 0.23835134506225586
OrderingTime: 0.27460360527038574
Sum: 0.7258195877075195
BuildTime: 36.26813983917236
AllTime: 36.99395942687988
Percentage: 1.96
