CalculatingTime: 0.1349184513092041
OrderingTime: 1.1742854118347168
Sum: 1.309203863143921
BuildTime: 36.79614496231079
AllTime: 38.10534882545471
Percentage: 3.44
