CalculatingTime: 0.2686340808868408
OrderingTime: 0.0002071857452392578
Sum: 0.2688412666320801
BuildTime: 36.63887000083923
AllTime: 36.90771126747131
Percentage: 0.73
