CalculatingTime: 0.23003458976745605
OrderingTime: 0.4030756950378418
Sum: 0.6331102848052979
BuildTime: 36.873629093170166
AllTime: 37.506739377975464
Percentage: 1.69
