CommandTime: 0.19748258590698242
AnalysisTime: 0.006235837936401367
CalculatingTime: 0.24151325225830078
OrderingTime: 0.40143442153930664
Sum: 0.8466660976409912
BuildTime: 37.14190459251404
AllTime: 37.98857069015503
Percentage: 2.23
