CalculatingTime: 0.2430112361907959
OrderingTime: 0.2753112316131592
Sum: 0.5183224678039551
BuildTime: 36.356472969055176
AllTime: 36.87479543685913
Percentage: 1.41
