CalculatingTime: 0.271343469619751
OrderingTime: 0.3823277950286865
Sum: 0.6536712646484375
BuildTime: 36.448182106018066
AllTime: 37.101853370666504
Percentage: 1.76
