CalculatingTime: 0.24729514122009277
OrderingTime: 0.00013327598571777344
Sum: 0.24742841720581055
BuildTime: 36.242470264434814
AllTime: 36.489898681640625
Percentage: 0.68
