CommandTime: 0.1993708610534668
AnalysisTime: 0.006247282028198242
CalculatingTime: 0.24075746536254883
OrderingTime: 0.3960287570953369
Sum: 0.8424043655395508
BuildTime: 36.03585863113403
AllTime: 36.878262996673584
Percentage: 2.28
