CalculatingTime: 0.22237634658813477
OrderingTime: 0.0001952648162841797
Sum: 0.22257161140441895
BuildTime: 36.88281059265137
AllTime: 37.105382204055786
Percentage: 0.6
