CalculatingTime: 0.26859331130981445
OrderingTime: 0.298478364944458
Sum: 0.5670716762542725
BuildTime: 36.37248682975769
AllTime: 36.93955850601196
Percentage: 1.54
