CommandTime: 0.21765851974487305
AnalysisTime: 0.006575822830200195
CalculatingTime: 0.2519721984863281
OrderingTime: 0.3121201992034912
Sum: 0.7883267402648926
BuildTime: 36.78920817375183
AllTime: 37.577534914016724
Percentage: 2.1
