CalculatingTime: 0.32027673721313477
OrderingTime: 0.43103885650634766
Sum: 0.7513155937194824
BuildTime: 37.23835325241089
AllTime: 37.98966884613037
Percentage: 1.98
